1200
0 0
1 9.99057e-07
2 3.98479e-06
3 8.67349e-06
4 1.44304e-05
5 2.03146e-05
6 2.51712e-05
7 2.77634e-05
8 2.69336e-05
9 2.1778e-05
10 1.1813e-05
11 -2.88583e-06
12 -2.15946e-05
13 -4.29174e-05
14 -6.48413e-05
15 -8.48737e-05
16 -0.000100258
17 -0.000108251
18 -0.000106446
19 -9.31051e-05
20 -6.74599e-05
21 -2.99611e-05
22 1.75784e-05
23 7.19644e-05
24 0.000128749
25 0.000182515
26 0.000227296
27 0.000257124
28 0.000266649
29 0.000251778
30 0.000210277
31 0.00014226
32 5.05064e-05
33 -5.94544e-05
34 -0.000179521
35 -0.000299484
36 -0.000407758
37 -0.000492346
38 -0.000541966
39 -0.000547253
40 -0.000501908
41 -0.000403708
42 -0.000255216
43 -6.41299e-05
44 0.000156839
45 0.000390582
46 0.000616709
47 0.000813115
48 0.00095788
49 0.00103139
50 0.00101845
51 0.00091024
52 0.000705876
53 0.000413368
54 4.98651e-05
55 -0.000358951
56 -0.000780345
57 -0.00117683
58 -0.00150916
59 -0.00173981
60 -0.00183669
61 -0.00177664
62 -0.00154861
63 -0.00115587
64 -0.000617219
65 3.31719e-05
66 0.000747358
67 0.00146666
68 0.00212603
69 0.00265938
70 0.00300559
71 0.00311464
72 0.00295329
73 0.00250974
74 0.0017968
75 0.000853119
76 -0.000257968
77 -0.00145184
78 -0.00262834
79 -0.00367949
80 -0.0044986
81 -0.00499015
82 -0.00507948
83 -0.00472158
84 -0.00390783
85 -0.00267008
86 -0.00108142
87 0.000746772
88 0.00267154
89 0.00452854
90 0.00614502
91 0.00735479
92 0.00801379
93 0.00801509
94 0.00730174
95 0.0058762
96 0.0038052
97 0.00121915
98 -0.00169423
99 -0.00470205
100 -0.00754347
101 -0.00985233
102 -0.0114445
103 -0.0121367
104 -0.0118135
105 -0.010441
106 -0.00807548
107 -0.00486315
108 -0.00103337
109 0.00311672
110 0.00724414
111 0.0109874
112 0.013997
113 0.0159669
114 0.0166639
115 0.0159522
116 0.0138112
117 0.0103439
118 0.00577525
119 0.000439427
120 -0.00524306
121 -0.0107972
122 -0.0157318
123 -0.0195817
124 -0.0219499
125 -0.0225461
126 -0.0212181
127 -0.0179731
128 -0.0129857
129 -0.00659241
130 0.000729083
131 0.00839355
132 0.0157535
133 0.0221522
134 0.0269808
135 0.0297337
136 0.0300586
137 0.0277956
138 0.0230014
139 0.0159561
140 0.00715076
141 -0.00274398
142 -0.0129271
143 -0.02253
144 -0.0306887
145 -0.0366192
146 -0.0396904
147 -0.0394867
148 -0.0358557
149 -0.028935
150 -0.0191551
151 -0.00721702
152 0.00595466
153 0.0192813
154 0.031616
155 0.0418401
156 0.0489619
157 0.0522093
158 0.0511079
159 0.0455374
160 0.035759
161 0.0224119
162 0.0064764
163 -0.0107951
164 -0.0279732
165 -0.0435675
166 -0.0561532
167 -0.0644975
168 -0.0676765
169 -0.0651699
170 -0.0569252
171 -0.0433845
172 -0.0254694
173 -0.00452314
174 0.0177857
175 0.0395936
176 0.0589943
177 0.0742023
178 0.0837134
179 0.0864477
180 0.0818626
181 0.0700242
182 0.0516287
183 0.0279704
184 0.000855915
185 -0.0275292
186 -0.0547934
187 -0.0785373
188 -0.0965609
189 -0.107063
190 -0.108814
191 -0.101286
192 -0.0847332
193 -0.0601959
194 -0.0294496
195 0.00511964
196 0.040696
197 0.074259
198 0.102836
199 0.123763
200 0.134925
201 0.134962
202 0.123419
203 0.10082
204 0.0686637
205 0.0293322
206 -0.0140792
207 -0.0580008
208 -0.0986779
209 -0.132488
210 -0.156259
211 -0.167559
212 -0.164936
213 -0.148082
214 -0.1179
215 -0.0764764
216 -0.0269416
217 0.0267569
218 0.0801665
219 0.128693
220 0.167995
221 0.19436
222 0.205055
223 0.198595
224 0.174914
225 0.135425
226 0.0829479
227 0.02152
228 -0.0439103
229 -0.107877
230 -0.164849
231 -0.209704
232 -0.238184
233 -0.247287
234 -0.235576
235 -0.20335
236 -0.152677
237 -0.0872786
238 -0.0122614
239 0.0662728
240 0.141721
241 0.207528
242 0.257754
243 0.287602
244 0.29387
245 0.275271
246 0.232613
247 0.168785
248 0.0885849
249 -0.00164239
250 -0.0944961
251 -0.182125
252 -0.256885
253 -0.312005
254 -0.342192
255 -0.344127
256 -0.316812
257 -0.261721
258 -0.182749
259 -0.0859455
260 0.0209427
261 0.129084
262 0.229289
263 0.312789
264 0.372
265 0.4012
266 0.397078
267 0.359077
268 0.28952
269 0.193488
270 0.0784598
271 -0.046267
272 -0.170322
273 -0.283121
274 -0.374768
275 -0.436917
276 -0.463528
277 -0.451442
278 -0.40072
279 -0.314721
280 -0.199898
281 -0.0653182
282 0.0780471
283 0.218213
284 0.343182
285 0.441968
286 0.505561
287 0.52774
288 0.505669
289 0.440219
290 0.335976
291 0.200931
292 0.045878
293 -0.116449
294 -0.272419
295 -0.408648
296 -0.513146
297 -0.576371
298 -0.592093
299 -0.557995
300 -0.475949
301 -0.351948
302 -0.195672
303 -0.0197386
304 0.161312
305 0.33222
306 0.478295
307 0.586675
308 0.64746
309 0.654607
310 0.606521
311 0.506271
312 0.361412
313 0.183426
314 -0.0131901
315 -0.212102
316 -0.396499
317 -0.550514
318 -0.660592
319 -0.71668
320 -0.713144
321 -0.649315
322 -0.529633
323 -0.363344
324 -0.163797
325 0.0526355
326 0.267896
327 0.463754
328 0.623354
329 0.732668
330 0.781728
331 0.765528
332 0.684528
333 0.544682
334 0.357014
335 0.136747
336 -0.0979323
337 -0.327378
338 -0.532137
339 -0.694599
340 -0.800516
341 -0.840255
342 -0.809667
343 -0.71051
344 -0.550365
345 -0.342058
346 -0.10264
347 0.148021
348 0.38889
349 0.599536
350 0.761872
351 0.861711
352 0.89001
353 0.843685
354 0.725932
355 0.546014
356 0.318537
357 0.0622548
358 -0.201477
359 -0.450489
360 -0.663672
361 -0.822765
362 -0.913936
363 -0.928976
364 -0.866046
365 -0.729878
366 -0.531419
367 -0.286954
368 -0.0167622
369 0.256573
370 0.510056
371 0.722227
372 0.87498
373 0.955119
374 0.9555
375 0.875667
376 0.721927
377 0.506854
378 0.248251
379 -0.0323239
380 -0.311368
381 -0.565407
382 -0.772981
383 -0.916466
384 -0.983573
385 -0.968409
386 -0.871993
387 -0.702194
388 -0.473083
389 -0.203763
390 0.0832298
391 0.363821
392 0.614429
393 0.813952
394 0.945557
395 0.998103
396 0.967092
397 0.855051
398 0.671331
399 0.431318
400 0.15514
401 -0.134028
402 -0.411917
403 -0.655213
404 -0.843521
405 -0.96108
406 -0.998094
407 -0.951546
408 -0.825448
409 -0.630494
410 -0.383148
411 -0.104249
412 0.182757
413 0.453791
414 0.686175
415 0.860538
416 0.962433
417 0.983548
418 0.922379
419 0.784337
420 0.581271
421 0.330442
422 0.053054
423 -0.227549
424 -0.487854
425 -0.706162
426 -0.864399
427 -0.949624
428 -0.955088
429 -0.880772
430 -0.733347
431 -0.52558
432 -0.275223
433 -0.00349084
434 0.266745
435 0.512889
436 0.714517
437 0.85508
438 0.923265
439 0.913913
440 0.828398
441 0.674468
442 0.465544
443 0.219545
444 -0.0426552
445 -0.299002
446 -0.528123
447 -0.71112
448 -0.833128
449 -0.88453
450 -0.861713
451 -0.767313
452 -0.609932
453 -0.403361
454 -0.165363
455 0.0838545
456 0.32336
457 0.533266
458 0.69638
459 0.799621
460 0.835067
461 0.800561
462 0.699823
463 0.542068
464 0.341165
465 0.114422
466 -0.118916
467 -0.339298
468 -0.528512
469 -0.671196
470 -0.756081
471 -0.776887
472 -0.732774
473 -0.628342
474 -0.473163
475 -0.280914
476 -0.0681671
477 0.147039
478 0.34673
479 0.514505
480 0.636879
481 0.704371
482 0.712233
483 0.660774
484 0.555249
485 0.405344
486 0.224285
487 0.027679
488 -0.167835
489 -0.345996
490 -0.492273
491 -0.595055
492 -0.646563
493 -0.643439
494 -0.586943
495 -0.482764
496 -0.340465
497 -0.172607
498 0.00635431
499 0.181315
500 0.337796
501 0.463144
502 0.547551
503 0.584817
504 0.572799
505 0.513505
506 0.412841
507 0.280042
508 0.126825
509 -0.0336374
510 -0.18785
511 -0.323128
512 -0.42864
513 -0.496273
514 -0.521248
515 -0.502445
516 -0.442416
517 -0.347091
518 -0.2252
519 -0.0874869
520 0.0542378
521 0.188107
522 0.303188
523 0.390373
524 0.443096
525 0.457818
526 0.434251
527 0.375299
528 0.286739
529 0.176669
530 0.0547711
531 -0.0685341
532 -0.182976
533 -0.279285
534 -0.349942
535 -0.38976
536 -0.396251
537 -0.369767
538 -0.313392
539 -0.232612
540 -0.134797
541 -0.0285265
542 0.0771493
543 0.173482
544 0.252745
545 0.308848
546 0.337795
547 0.337967
548 0.310177
549 0.257542
550 0.185152
551 0.0995889
552 0.00833551
553 -0.0808748
554 -0.160709
555 -0.224835
556 -0.268415
557 -0.288466
558 -0.284051
559 -0.256294
560 -0.208221
561 -0.144453
562 -0.0707675
563 0.00641726
564 0.080596
565 0.145722
566 0.196693
567 0.229749
568 0.242739
569 0.235247
570 0.208571
571 0.165559
572 0.110319
573 0.0478359
574 -0.016473
575 -0.0772221
576 -0.129505
577 -0.169286
578 -0.193707
579 -0.201281
580 -0.191971
581 -0.167143
582 -0.129401
583 -0.0823263
584 -0.0301487
585 0.0226318
586 0.0716274
587 0.112923
588 0.143384
589 0.16089
590 0.164472
591 0.15435
592 0.131873
593 0.0993645
594 0.0598898
595 0.0169773
596 -0.0256942
597 -0.0646061
598 -0.0966864
599 -0.119547
600 -0.131658
601 -0.132437
602 -0.122265
603 -0.102414
604 -0.0749099
605 -0.0423291
606 -0.00756758
607 0.0264147
608 0.0568415
609 0.0813432
610 0.0981372
611 0.106152
612 0.105087
613 0.0954066
614 0.0782673
615 0.0553967
616 0.0289241
617 0.00118755
618 -0.0254688
619 -0.0488897
620 -0.0672791
621 -0.0793347
622 -0.0843338
623 -0.0821692
624 -0.0733309
625 -0.0588402
626 -0.040141
627 -0.0189624
628 0.00283781
629 0.0234325
630 0.0411758
631 0.0547309
632 0.0631677
633 0.0660211
634 0.0633092
635 0.0555093
636 0.0434979
637 0.0284596
638 0.0117749
639 -0.00510349
640 -0.020774
641 -0.0340003
642 -0.043806
643 -0.0495433
644 -0.0509313
645 -0.0480622
646 -0.0413753
647 -0.031605
648 -0.0197052
649 -0.00675994
650 0.00611259
651 0.0178544
652 0.0275526
653 0.0345075
654 0.0382807
655 0.0387182
656 0.0359492
657 0.0303616
658 0.0225569
659 0.0132895
660 0.00339701
661 -0.00627358
662 -0.0149364
663 -0.0219288
664 -0.0267597
665 -0.0291419
666 -0.029005
667 -0.0264904
668 -0.0219287
669 -0.0158023
670 -0.00869767
671 -0.00125151
672 0.0059047
673 0.0121966
674 0.0171517
675 0.0204328
676 0.0218589
677 0.0214118
678 0.0192291
679 0.0155841
680 0.0108562
681 0.00549372
682 -2.7187e-05
683 -0.00524309
684 -0.00974116
685 -0.0131905
686 -0.0153649
687 -0.016156
688 -0.0155756
689 -0.0137481
690 -0.0108938
691 -0.00730537
692 -0.00331971
693 0.000712553
694 0.00445678
695 0.00762112
696 0.00997817
697 0.0113802
698 0.0117666
699 0.0111643
700 0.00968008
701 0.00748728
702 0.00480771
703 0.00189038
704 -0.00101065
705 -0.00365755
706 -0.00584749
707 -0.00742727
708 -0.00830312
709 -0.0084449
710 -0.00788481
711 -0.00671102
712 -0.00505704
713 -0.00308794
714 -0.000984813
715 0.00107114
716 0.00291364
717 0.00440411
718 0.0054415
719 0.00596829
720 0.00597261
721 0.00548643
722 0.00458015
723 0.00335447
724 0.00193014
725 0.000436769
726 -0.000998469
727 -0.00226117
728 -0.00325836
729 -0.00392484
730 -0.00422678
731 -0.00416257
732 -0.0037609
733 -0.00307641
734 -0.00218358
735 -0.00116927
736 -0.000124745
737 0.000862127
738 0.00171394
739 0.00236944
740 0.00278757
741 0.00294951
742 0.00285877
743 0.0025395
744 0.00203305
745 0.00139348
746 0.000682242
747 -3.74154e-05
748 -0.000705753
749 -0.00127126
750 -0.00169436
751 -0.00194986
752 -0.0020281
753 -0.00193466
754 -0.0016889
755 -0.0013214
756 -0.00087071
757 -0.000379572
758 0.000108855
759 0.000554604
760 0.000923983
761 0.00119192
762 0.00134344
763 0.00137419
764 0.00129009
765 0.00110609
766 0.000844335
767 0.000531811
768 0.000197791
769 -0.000128748
770 -0.000421497
771 -0.000658801
772 -0.00082511
773 -0.000911833
774 -0.000917549
775 -0.000847614
776 -0.000713227
777 -0.000530092
778 -0.000316791
779 -9.30452e-05
780 0.000121997
781 0.000311298
782 0.000461186
783 0.000562235
784 0.000609733
785 0.000603726
786 0.000548665
787 0.000452709
788 0.000326782
789 0.000183465
790 3.58338e-05
791 -0.000103658
792 -0.000224158
793 -0.000317195
794 -0.000377193
795 -0.000401721
796 -0.00039145
797 -0.00034987
798 -0.000282779
799 -0.00019764
800 -0.000102827
801 -6.87394e-06
802 8.22476e-05
803 0.000157742
804 0.000214458
805 0.000249191
806 0.000260792
807 0.00025011
808 0.000219759
809 0.000173771
810 0.00011715
811 5.53823e-05
812 -6.05082e-06
813 -6.21288e-05
814 -0.000108668
815 -0.0001426
816 -0.00016214
817 -0.000166829
818 -0.000157467
819 -0.000135947
820 -0.000105012
821 -6.79619e-05
822 -2.83323e-05
823 1.04124e-05
824 4.51605e-05
825 7.33815e-05
826 9.32874e-05
827 0.00010392
828 0.000105164
829 9.76851e-05
830 8.28134e-05
831 6.23785e-05
832 3.85179e-05
833 1.34749e-05
834 -1.05953e-05
835 -3.17958e-05
836 -4.86233e-05
837 -6.00597e-05
838 -6.56156e-05
839 -6.53267e-05
840 -5.97068e-05
841 -4.96658e-05
842 -3.64011e-05
843 -2.12747e-05
844 -5.68672e-06
845 9.04286e-06
846 2.17769e-05
847 3.16389e-05
848 3.80639e-05
849 4.08179e-05
850 3.99891e-05
851 3.59534e-05
852 2.93183e-05
853 2.08532e-05
854 1.14118e-05
855 1.85435e-06
856 -7.0238e-06
857 -1.45523e-05
858 -2.02301e-05
859 -2.37524e-05
860 -2.50185e-05
861 -2.41222e-05
862 -2.13272e-05
863 -1.70303e-05
864 -1.17172e-05
865 -5.91438e-06
866 -1.41945e-07
867 5.12844e-06
868 9.5084e-06
869 1.27174e-05
870 1.45964e-05
871 1.511e-05
872 1.43386e-05
873 1.2461e-05
874 9.73115e-06
875 6.45032e-06
876 2.93792e-06
877 -4.96411e-07
878 -3.57755e-06
879 -6.08442e-06
880 -7.86336e-06
881 -8.83468e-06
882 -8.99246e-06
883 -8.39835e-06
884 -7.17026e-06
885 -5.46748e-06
886 -3.47377e-06
887 -1.37985e-06
888 6.32894e-07
889 2.40657e-06
890 3.81764e-06
891 4.7839e-06
892 5.26745e-06
893 5.27368e-06
894 4.84682e-06
895 4.06261e-06
896 3.01912e-06
897 1.82655e-06
898 5.97013e-07
899 -5.6493e-07
900 -1.57017e-06
901 -2.35097e-06
902 -2.86448e-06
903 -3.09399e-06
904 -3.04774e-06
905 -2.75592e-06
906 -2.26608e-06
907 -1.63749e-06
908 -9.35194e-07
909 -2.24027e-07
910 4.36684e-07
911 9.97502e-07
912 1.422e-06
913 1.68853e-06
914 1.79053e-06
915 1.73568e-06
916 1.54378e-06
917 1.24405e-06
918 8.71687e-07
919 4.64449e-07
920 5.92552e-08
921 -3.10778e-07
922 -6.18694e-07
923 -8.45318e-07
924 -9.8007e-07
925 -1.02099e-06
926 -9.74051e-07
927 -8.51864e-07
928 -6.71994e-07
929 -4.55001e-07
930 -2.22452e-07
931 4.96424e-09
932 2.0906e-07
933 3.75397e-07
934 4.94104e-07
935 5.60232e-07
936 5.73666e-07
937 5.38648e-07
938 4.62982e-07
939 3.57031e-07
940 2.32599e-07
941 1.01813e-07
942 -2.39197e-08
943 -1.34772e-07
944 -2.23152e-07
945 -2.841e-07
946 -3.15431e-07
947 -3.17622e-07
948 -2.93509e-07
949 -2.478e-07
950 -1.86498e-07
951 -1.16268e-07
952 -4.38188e-08
953 2.46556e-08
954 8.39358e-08
955 1.30106e-07
956 1.60741e-07
957 1.74951e-07
958 1.73295e-07
959 1.57582e-07
960 1.30588e-07
961 9.5729e-08
962 5.67069e-08
963 1.71756e-08
964 -1.95568e-08
965 -5.07645e-08
966 -7.44675e-08
967 -8.95164e-08
968 -9.55981e-08
969 -9.31731e-08
970 -8.33542e-08
971 -6.77451e-08
972 -4.82545e-08
973 -2.69061e-08
974 -5.65854e-09
975 1.37496e-08
976 2.99195e-08
977 4.18714e-08
978 4.90798e-08
979 5.14679e-08
980 4.93652e-08
981 4.34358e-08
982 3.45869e-08
983 2.38677e-08
984 1.23665e-08
985 1.11667e-09
986 -8.9828e-09
987 -1.72269e-08
988 -2.31418e-08
989 -2.64979e-08
990 -2.73027e-08
991 -2.57734e-08
992 -2.22955e-08
993 -1.73729e-08
994 -1.15724e-08
995 -5.47008e-09
996 3.9738e-10
997 5.57284e-09
998 9.70754e-09
999 1.25778e-08
1000 1.40897e-08
1001 1.42718e-08
1002 1.32595e-08
1003 1.12715e-08
1004 8.58217e-09
1005 5.49297e-09
1006 2.304e-09
1007 -7.10507e-10
1008 -3.32194e-09
1009 -5.36109e-09
1010 -6.72533e-09
1011 -7.37957e-09
1012 -7.35138e-09
1013 -6.72156e-09
1014 -5.61133e-09
1015 -4.16766e-09
1016 -2.54812e-09
1017 -9.06601e-10
1018 6.18961e-10
1019 1.91621e-09
1020 2.90469e-09
1021 3.53882e-09
1022 3.80759e-09
1023 3.73151e-09
1024 3.35717e-09
1025 2.75038e-09
1026 1.98847e-09
1027 1.15251e-09
1028 3.20186e-10
1029 -4.40261e-10
1030 -1.07457e-09
1031 -1.54529e-09
1032 -1.83296e-09
1033 -1.93553e-09
1034 -1.8665e-09
1035 -1.65198e-09
1036 -1.32698e-09
1037 -9.315e-10
1038 -5.06603e-10
1039 -9.0876e-11
1040 2.82462e-10
1041 5.87675e-10
1042 8.0775e-10
1043 9.34757e-10
1044 9.69423e-10
1045 9.20023e-10
1046 8.00793e-10
1047 6.30027e-10
1048 4.28069e-10
1049 2.15383e-10
1050 1.0836e-11
1051 -1.69669e-10
1052 -3.14153e-10
1053 -4.15079e-10
1054 -4.69433e-10
1055 -4.78426e-10
1056 -4.46874e-10
1057 -3.8236e-10
1058 -2.94266e-10
1059 -1.92772e-10
1060 -8.79158e-11
1061 1.12231e-11
1062 9.71598e-11
1063 1.64427e-10
1064 2.0978e-10
1065 2.32192e-10
1066 2.32661e-10
1067 2.13881e-10
1068 1.79804e-10
1069 1.35156e-10
1070 8.49496e-11
1071 3.40312e-11
1072 -1.33003e-11
1073 -5.35821e-11
1074 -8.43697e-11
1075 -1.04313e-10
1076 -1.13129e-10
1077 -1.11494e-10
1078 -1.00865e-10
1079 -8.32583e-11
1080 -6.10154e-11
1081 -3.65643e-11
1082 -1.22083e-11
1083 1.005e-11
1084 2.86366e-11
1085 4.24826e-11
1086 5.10481e-11
1087 5.43004e-11
1088 5.26513e-11
1089 4.68662e-11
1090 3.79553e-11
1091 2.70583e-11
1092 1.5333e-11
1093 3.85668e-12
1094 -6.45291e-12
1095 -1.48933e-11
1096 -2.1008e-11
1097 -2.45925e-11
1098 -2.56787e-11
1099 -2.45016e-11
1100 -2.14534e-11
1101 -1.70306e-11
1102 -1.17789e-11
1103 -6.24168e-12
1104 -9.14834e-13
1105 3.78802e-12
1106 7.55927e-12
1107 1.0209e-11
1108 1.16654e-11
1109 1.1965e-11
1110 1.12357e-11
1111 9.67398e-12
1112 7.51928e-12
1113 5.02875e-12
1114 2.45333e-12
1115 1.77217e-14
1116 -2.09482e-12
1117 -3.75223e-12
1118 -4.87783e-12
1119 -5.44934e-12
1120 -5.49348e-12
1121 -5.07718e-12
1122 -4.29669e-12
1123 -3.26561e-12
1124 -2.1031e-12
1125 -9.23266e-13
1126 1.73732e-13
1127 1.10809e-12
1128 1.82429e-12
1129 2.29243e-12
1130 2.50729e-12
1131 2.48538e-12
1132 2.26068e-12
1133 1.8794e-12
1134 1.39449e-12
1135 8.60301e-13
1136 3.27896e-13
1137 -1.5879e-13
1138 -5.65624e-13
1139 -8.69778e-13
1140 -1.06009e-12
1141 -1.13641e-12
1142 -1.10806e-12
1143 -9.91813e-13
1144 -8.09439e-13
1145 -5.85206e-13
1146 -3.43518e-13
1147 -1.06859e-13
1148 1.05814e-13
1149 2.80166e-13
1150 4.07039e-13
1151 4.82496e-13
1152 5.07429e-13
1153 4.8681e-13
1154 4.28709e-13
1155 3.43193e-13
1156 2.41202e-13
1157 1.33519e-13
1158 2.9892e-14
1159 -6.16377e-14
1160 -1.35164e-13
1161 -1.87109e-13
1162 -2.16198e-13
1163 -2.23237e-13
1164 -2.10758e-13
1165 -1.82558e-13
1166 -1.4321e-13
1167 -9.75657e-14
1168 -5.03151e-14
1169 -5.61589e-15
1170 3.31773e-14
1171 6.36794e-14
1172 8.45361e-14
1173 9.53901e-14
1174 9.67689e-14
1175 8.99144e-14
1176 7.65772e-14
1177 5.87976e-14
1178 3.86934e-14
1179 1.82723e-14
1180 -7.2062e-16
1181 -1.69103e-14
1182 -2.93538e-14
1183 -3.75568e-14
1184 -4.145e-14
1185 -4.13337e-14
1186 -3.77993e-14
1187 -3.16374e-14
1188 -2.37433e-14
1189 -1.50266e-14
1190 -6.33313e-15
1191 1.61628e-15
1192 8.26814e-15
1193 1.32581e-14
1194 1.64137e-14
1195 1.77409e-14
1196 1.73976e-14
1197 1.56577e-14
1198 1.28718e-14
1199 9.42605e-15
