1200
0 0
1 5.04834e-07
2 2.07935e-06
3 4.7828e-06
4 8.62817e-06
5 1.35765e-05
6 1.95323e-05
7 2.63409e-05
8 3.37872e-05
9 4.15967e-05
10 4.94389e-05
11 5.69324e-05
12 6.36532e-05
13 6.91448e-05
14 7.29311e-05
15 7.45305e-05
16 7.34732e-05
17 6.93189e-05
18 6.1676e-05
19 5.02216e-05
20 3.47211e-05
21 1.50476e-05
22 -8.80052e-06
23 -3.66831e-05
24 -6.83055e-05
25 -0.000103208
26 -0.000140763
27 -0.000180167
28 -0.000220454
29 -0.000260499
30 -0.000299035
31 -0.000334677
32 -0.000365947
33 -0.000391312
34 -0.000409217
35 -0.000418139
36 -0.000416626
37 -0.000403354
38 -0.000377181
39 -0.000337198
40 -0.000282783
41 -0.000213656
42 -0.000129917
43 -3.20956e-05
44 7.88242e-05
45 0.000201378
46 0.000333609
47 0.000473071
48 0.000616843
49 0.000761561
50 0.000903457
51 0.00103843
52 0.00116212
53 0.00126999
54 0.00135744
55 0.00141994
56 0.00145314
57 0.00145299
58 0.00141593
59 0.001339
60 0.00121996
61 0.00105747
62 0.000851205
63 0.000601918
64 0.000311577
65 -1.65864e-05
66 -0.000378042
67 -0.000766952
68 -0.0011762
69 -0.00159744
70 -0.00202123
71 -0.00243713
72 -0.00283394
73 -0.00319983
74 -0.00352268
75 -0.00379032
76 -0.00399082
77 -0.00411285
78 -0.00414603
79 -0.00408126
80 -0.00391106
81 -0.00362995
82 -0.00323469
83 -0.00272466
84 -0.00210203
85 -0.00137196
86 -0.000542782
87 0.000374008
88 0.00136371
89 0.00240855
90 0.00348783
91 0.00457823
92 0.00565415
93 0.00668818
94 0.00765159
95 0.008515
96 0.00924899
97 0.00982488
98 0.0102155
99 0.0103958
100 0.0103442
101 0.00994318
102 0.00929194
103 0.00839005
104 0.00724282
105 0.00586155
106 0.00426359
107 0.00247234
108 0.000517034
109 -0.00156756
110 -0.00374162
111 -0.00596093
112 -0.00817761
113 -0.010341
114 -0.0123987
115 -0.0142977
116 -0.0159854
117 -0.0174113
118 -0.0185276
119 -0.019291
120 -0.019664
121 -0.0196155
122 -0.0191226
123 -0.0181712
124 -0.0167567
125 -0.014885
126 -0.0125729
127 -0.00984789
128 -0.00674874
129 -0.00332476
130 0.000364577
131 0.00425043
132 0.0082557
133 0.0122964
134 0.0162829
135 0.0201224
136 0.02372
137 0.0269814
138 0.0298148
139 0.0321333
140 0.0338571
141 0.0349156
142 0.0352496
143 0.0348135
144 0.0335764
145 0.0315244
146 0.028661
147 0.0250087
148 0.0206087
149 0.0155216
150 0.00982643
151 0.00362022
152 -0.00298356
153 -0.00985668
154 -0.0168583
155 -0.0238378
156 -0.0306372
157 -0.037095
158 -0.0430494
159 -0.0483418
160 -0.0528211
161 -0.0563469
162 -0.0587938
163 -0.0600543
164 -0.060043
165 -0.0586986
166 -0.0559872
167 -0.0519044
168 -0.046476
169 -0.0397597
170 -0.0318449
171 -0.0228521
172 -0.0129319
173 -0.00226257
174 0.00895236
175 0.0204878
176 0.0321011
177 0.0435367
178 0.0545318
179 0.064821
180 0.0741435
181 0.0822482
182 0.0889
183 0.0938864
184 0.0970228
185 0.0981577
186 0.0971783
187 0.094014
188 0.0886404
189 0.0810815
190 0.0714111
191 0.0597538
192 0.0462837
193 0.0312231
194 0.0148391
195 -0.00256038
196 -0.0206317
197 -0.0390022
198 -0.057277
199 -0.0750471
200 -0.0918983
201 -0.10742
202 -0.121214
203 -0.132906
204 -0.142153
205 -0.148653
206 -0.152153
207 -0.152456
208 -0.149432
209 -0.143016
210 -0.133219
211 -0.120126
212 -0.1039
213 -0.0847795
214 -0.0630757
215 -0.0391702
216 -0.0135072
217 0.0134129
218 0.0410435
219 0.0688018
220 0.0960811
221 0.122263
222 0.14673
223 0.168883
224 0.18815
225 0.204005
226 0.215976
227 0.223664
228 0.226749
229 0.225003
230 0.218295
231 0.206602
232 0.190011
233 0.168717
234 0.143029
235 0.113363
236 0.0802368
237 0.0442616
238 0.00613227
239 -0.0333859
240 -0.073472
241 -0.113266
242 -0.151886
243 -0.18845
244 -0.22209
245 -0.251977
246 -0.27734
247 -0.297482
248 -0.3118
249 -0.319802
250 -0.321119
251 -0.315519
252 -0.302916
253 -0.283375
254 -0.257116
255 -0.224514
256 -0.186094
257 -0.142526
258 -0.0946106
259 -0.0432695
260 0.0104754
261 0.0655201
262 0.120701
263 0.174818
264 0.226662
265 0.275042
266 0.318808
267 0.356881
268 0.38828
269 0.412142
270 0.427747
271 0.434539
272 0.43214
273 0.420364
274 0.399226
275 0.368947
276 0.329954
277 0.282876
278 0.228535
279 0.167931
280 0.102229
281 0.0327315
282 -0.0391444
283 -0.111895
284 -0.183961
285 -0.253764
286 -0.319737
287 -0.380359
288 -0.434195
289 -0.479922
290 -0.516369
291 -0.542539
292 -0.557637
293 -0.561096
294 -0.552589
295 -0.532043
296 -0.499648
297 -0.455855
298 -0.401377
299 -0.337171
300 -0.264427
301 -0.184547
302 -0.0991161
303 -0.00987053
304 0.0813348
305 0.172566
306 0.261853
307 0.34723
308 0.426777
309 0.49867
310 0.561215
311 0.612892
312 0.652389
313 0.678639
314 0.690841
315 0.688489
316 0.671383
317 0.639642
318 0.593706
319 0.534329
320 0.462571
321 0.37978
322 0.287563
323 0.187759
324 0.0823983
325 -0.0263338
326 -0.136147
327 -0.244694
328 -0.34962
329 -0.448612
330 -0.539456
331 -0.620083
332 -0.688616
333 -0.743413
334 -0.783113
335 -0.806658
336 -0.813332
337 -0.802773
338 -0.774989
339 -0.73036
340 -0.669639
341 -0.593935
342 -0.504694
343 -0.403676
344 -0.292913
345 -0.174673
346 -0.0514112
347 0.0742823
348 0.199736
349 0.322256
350 0.439184
351 0.547955
352 0.646156
353 0.731579
354 0.80227
355 0.856578
356 0.89319
357 0.911163
358 0.90995
359 0.889414
360 0.849835
361 0.791907
362 0.716724
363 0.625765
364 0.520858
365 0.404148
366 0.278048
367 0.145194
368 0.00838141
369 -0.129487
370 -0.265469
371 -0.396643
372 -0.520177
373 -0.633386
374 -0.733791
375 -0.819179
376 -0.887647
377 -0.93765
378 -0.968033
379 -0.978058
380 -0.967423
381 -0.936272
382 -0.88519
383 -0.815194
384 -0.727713
385 -0.624559
386 -0.507884
387 -0.380142
388 -0.244028
389 -0.102427
390 0.0416514
391 0.185137
392 0.324969
393 0.458156
394 0.581848
395 0.693393
396 0.790401
397 0.870788
398 0.932829
399 0.975192
400 0.996969
401 0.997692
402 0.977348
403 0.936379
404 0.875665
405 0.796516
406 0.700635
407 0.590081
408 0.46723
409 0.334716
410 0.195378
411 0.0521964
412 -0.0917714
413 -0.233458
414 -0.369853
415 -0.498067
416 -0.615393
417 -0.719369
418 -0.807824
419 -0.87893
420 -0.931238
421 -0.963708
422 -0.97573
423 -0.967134
424 -0.938197
425 -0.889628
426 -0.822557
427 -0.738502
428 -0.639342
429 -0.527268
430 -0.404735
431 -0.27441
432 -0.139111
433 -0.00174542
434 0.134753
435 0.267489
436 0.393667
437 0.510651
438 0.616023
439 0.707628
440 0.783626
441 0.842523
442 0.883207
443 0.904963
444 0.907487
445 0.890892
446 0.855699
447 0.802823
448 0.733551
449 0.649507
450 0.552619
451 0.445069
452 0.329249
453 0.207701
454 0.0830658
455 -0.0419773
456 -0.16477
457 -0.282729
458 -0.393406
459 -0.494534
460 -0.584076
461 -0.66027
462 -0.721656
463 -0.767114
464 -0.795874
465 -0.807537
466 -0.802073
467 -0.77982
468 -0.741471
469 -0.688054
470 -0.620906
471 -0.541642
472 -0.452111
473 -0.354358
474 -0.250574
475 -0.143049
476 -0.034119
477 0.0738851
478 0.178686
479 0.27811
480 0.370131
481 0.452915
482 0.524851
483 0.58459
484 0.631062
485 0.663501
486 0.681453
487 0.684782
488 0.673667
489 0.648592
490 0.610334
491 0.559937
492 0.498685
493 0.428073
494 0.349771
495 0.265579
496 0.177392
497 0.0871559
498 -0.0031772
499 -0.0916903
500 -0.176542
501 -0.256005
502 -0.328501
503 -0.392633
504 -0.44721
505 -0.49127
506 -0.524094
507 -0.545221
508 -0.554447
509 -0.55183
510 -0.537678
511 -0.512539
512 -0.477186
513 -0.432593
514 -0.379908
515 -0.320431
516 -0.255575
517 -0.186838
518 -0.115765
519 -0.0439184
520 0.0271612
521 0.0959846
522 0.161146
523 0.221351
524 0.275443
525 0.322424
526 0.36147
527 0.391951
528 0.413432
529 0.425684
530 0.42868
531 0.422592
532 0.407782
533 0.384789
534 0.354315
535 0.317201
536 0.27441
537 0.227001
538 0.176102
539 0.122889
540 0.0685516
541 0.0142739
542 -0.0387945
543 -0.0895616
544 -0.137015
545 -0.180241
546 -0.218443
547 -0.250953
548 -0.277246
549 -0.296944
550 -0.30982
551 -0.315803
552 -0.314967
553 -0.307534
554 -0.293858
555 -0.274418
556 -0.2498
557 -0.220686
558 -0.18783
559 -0.152046
560 -0.114184
561 -0.0751123
562 -0.035699
563 0.00320887
564 0.0408012
565 0.0763222
566 0.109084
567 0.138481
568 0.163999
569 0.185222
570 0.201842
571 0.213659
572 0.220582
573 0.222628
574 0.219918
575 0.212671
576 0.201197
577 0.185883
578 0.167189
579 0.145628
580 0.121758
581 0.0961691
582 0.0694642
583 0.0422508
584 0.0151256
585 -0.0113383
586 -0.036602
587 -0.060172
588 -0.0816091
589 -0.100535
590 -0.116641
591 -0.129688
592 -0.139513
593 -0.146028
594 -0.149217
595 -0.14914
596 -0.145921
597 -0.139749
598 -0.130869
599 -0.119575
600 -0.106199
601 -0.0911074
602 -0.0746891
603 -0.0573453
604 -0.0394817
605 -0.0214993
606 -0.00378568
607 0.0132929
608 0.0293983
609 0.044227
610 0.0575151
611 0.0690425
612 0.0786359
613 0.0861707
614 0.0915717
615 0.0948125
616 0.0959145
617 0.0949439
618 0.0920088
619 0.0872552
620 0.0808616
621 0.0730345
622 0.0640025
623 0.0540099
624 0.0433115
625 0.0321663
626 0.0208314
627 0.00955696
628 -0.00141916
629 -0.011876
630 -0.0216135
631 -0.0304561
632 -0.038255
633 -0.0448909
634 -0.0502748
635 -0.0543484
636 -0.0570847
637 -0.0584865
638 -0.0585851
639 -0.0574387
640 -0.0551294
641 -0.0517608
642 -0.0474544
643 -0.0423461
644 -0.036583
645 -0.0303192
646 -0.0237125
647 -0.0169203
648 -0.0100969
649 -0.00338958
650 0.00306375
651 0.00913738
652 0.0147199
653 0.0197157
654 0.0240468
655 0.0276532
656 0.0304935
657 0.0325449
658 0.0338028
659 0.0342798
660 0.034005
661 0.033022
662 0.0313877
663 0.0291702
664 0.0264466
665 0.0233013
666 0.0198232
667 0.016104
668 0.0122359
669 0.00830958
670 0.00441224
671 0.000625944
672 -0.00297391
673 -0.0063199
674 -0.00935365
675 -0.0120266
676 -0.0143006
677 -0.0161481
678 -0.0175523
679 -0.0185068
680 -0.0190155
681 -0.0190916
682 -0.0187568
683 -0.0180408
684 -0.0169798
685 -0.0156155
686 -0.0139941
687 -0.0121644
688 -0.0101775
689 -0.00808479
690 -0.00593716
691 -0.00378392
692 -0.00167168
693 0.000356398
694 0.00226144
695 0.00400943
696 0.00557167
697 0.00692515
698 0.00805268
699 0.00894298
700 0.00959055
701 0.00999549
702 0.0101632
703 0.0101038
704 0.00983191
705 0.00936584
706 0.00872707
707 0.00793955
708 0.00702908
709 0.00602261
710 0.00494756
711 0.00383125
712 0.00270023
713 0.00157982
714 0.000493558
715 -0.000537154
716 -0.00149343
717 -0.00235913
718 -0.0031211
719 -0.0037692
720 -0.00429644
721 -0.00469886
722 -0.00497548
723 -0.0051281
724 -0.00516115
725 -0.00508137
726 -0.00489754
727 -0.00462017
728 -0.00426115
729 -0.00383341
730 -0.00335056
731 -0.00282656
732 -0.00227539
733 -0.00171072
734 -0.00114565
735 -0.000592462
736 -6.23822e-05
737 0.000434589
738 0.000889818
739 0.00129614
740 0.00164793
741 0.00194112
742 0.00217317
743 0.00234309
744 0.00245126
745 0.00249942
746 0.00249051
747 0.0024285
748 0.0023183
749 0.00216551
750 0.00197632
751 0.00175728
752 0.00151517
753 0.00125681
754 0.000988935
755 0.000718015
756 0.000450157
757 0.000190984
758 -5.4457e-05
759 -0.000281762
760 -0.000487227
761 -0.000667885
762 -0.000821516
763 -0.000946647
764 -0.00104253
765 -0.00110913
766 -0.00114703
767 -0.00115742
768 -0.00114201
769 -0.00110296
770 -0.00104279
771 -0.000964322
772 -0.00087056
773 -0.000764648
774 -0.000649768
775 -0.000529074
776 -0.000405624
777 -0.000282314
778 -0.000161833
779 -4.66103e-05
780 6.1213e-05
781 0.000159816
782 0.000247712
783 0.000323761
784 0.000387164
785 0.000437463
786 0.000474521
787 0.000498505
788 0.000509857
789 0.000509265
790 0.000497633
791 0.000476038
792 0.000445701
793 0.000407943
794 0.00036415
795 0.00031574
796 0.000264124
797 0.000210679
798 0.000156718
799 0.000103468
800 5.20436e-05
801 3.43716e-06
802 -4.14983e-05
803 -8.20561e-05
804 -0.000117681
805 -0.000147969
806 -0.000172667
807 -0.000191664
808 -0.000204986
809 -0.00021278
810 -0.000215307
811 -0.000212923
812 -0.000206067
813 -0.000195242
814 -0.000180999
815 -0.000163923
816 -0.000144616
817 -0.00012368
818 -0.000101708
819 -7.92682e-05
820 -5.68933e-05
821 -3.50728e-05
822 -1.42447e-05
823 5.21037e-06
824 2.29728e-05
825 3.87866e-05
826 5.24595e-05
827 6.3863e-05
828 7.29292e-05
829 7.9648e-05
830 8.40627e-05
831 8.62642e-05
832 8.63855e-05
833 8.45953e-05
834 8.1091e-05
835 7.60921e-05
836 6.98333e-05
837 6.25584e-05
838 5.45133e-05
839 4.5941e-05
840 3.70761e-05
841 2.814e-05
842 1.93373e-05
843 1.08525e-05
844 2.84757e-06
845 -4.5401e-06
846 -1.11984e-05
847 -1.7041e-05
848 -2.20072e-05
849 -2.60613e-05
850 -2.91907e-05
851 -3.14049e-05
852 -3.27332e-05
853 -3.3222e-05
854 -3.29329e-05
855 -3.19394e-05
856 -3.03246e-05
857 -2.81785e-05
858 -2.55952e-05
859 -2.26704e-05
860 -1.94992e-05
861 -1.61741e-05
862 -1.27829e-05
863 -9.40716e-06
864 -6.12107e-06
865 -2.99023e-06
866 -7.09731e-08
867 2.59008e-06
868 4.95625e-06
869 7.00076e-06
870 8.70645e-06
871 1.00654e-05
872 1.1078e-05
873 1.17527e-05
874 1.21048e-05
875 1.21552e-05
876 1.19302e-05
877 1.14596e-05
878 1.07762e-05
879 9.91472e-06
880 8.91066e-06
881 7.79959e-06
882 6.61626e-06
883 5.39388e-06
884 4.16353e-06
885 2.95363e-06
886 1.78955e-06
887 6.93258e-07
888 -3.16797e-07
889 -1.22584e-06
890 -2.02274e-06
891 -2.69996e-06
892 -3.25335e-06
893 -3.68198e-06
894 -3.98783e-06
895 -4.17548e-06
896 -4.2518e-06
897 -4.22551e-06
898 -4.10687e-06
899 -3.90728e-06
900 -3.63889e-06
901 -3.31429e-06
902 -2.94615e-06
903 -2.54695e-06
904 -2.12868e-06
905 -1.70263e-06
906 -1.2792e-06
907 -8.67731e-07
908 -4.76397e-07
909 -1.1214e-07
910 2.19388e-07
911 5.13823e-07
912 7.68068e-07
913 9.80244e-07
914 1.14961e-06
915 1.27649e-06
916 1.36213e-06
917 1.40861e-06
918 1.4187e-06
919 1.39574e-06
920 1.34349e-06
921 1.26601e-06
922 1.16756e-06
923 1.05245e-06
924 9.24948e-07
925 7.89185e-07
926 6.49077e-07
927 5.08251e-07
928 3.69991e-07
929 2.37197e-07
930 1.12354e-07
931 -2.48214e-09
932 -1.05692e-07
933 -1.96084e-07
934 -2.72882e-07
935 -3.357e-07
936 -3.84513e-07
937 -4.1962e-07
938 -4.41607e-07
939 -4.51303e-07
940 -4.49735e-07
941 -4.38087e-07
942 -4.17655e-07
943 -3.89805e-07
944 -3.55935e-07
945 -3.17441e-07
946 -2.75681e-07
947 -2.31951e-07
948 -1.87457e-07
949 -1.43302e-07
950 -1.00465e-07
951 -5.97944e-08
952 -2.20007e-08
953 1.23458e-08
954 4.28136e-08
955 6.91062e-08
956 9.10545e-08
957 1.08608e-07
958 1.21823e-07
959 1.3085e-07
960 1.35923e-07
961 1.37341e-07
962 1.35458e-07
963 1.30667e-07
964 1.23386e-07
965 1.14048e-07
966 1.03087e-07
967 9.09301e-08
968 7.79859e-08
969 6.46381e-08
970 5.12387e-08
971 3.81037e-08
972 2.55089e-08
973 1.3688e-08
974 2.83158e-09
975 -6.91264e-09
976 -1.54389e-08
977 -2.26813e-08
978 -2.86109e-08
979 -3.32326e-08
980 -3.65816e-08
981 -3.87186e-08
982 -3.97263e-08
983 -3.97049e-08
984 -3.87675e-08
985 -3.70364e-08
986 -3.46393e-08
987 -3.17052e-08
988 -2.83617e-08
989 -2.47319e-08
990 -2.09322e-08
991 -1.707e-08
992 -1.32424e-08
993 -9.53483e-09
994 -6.02055e-09
995 -2.76009e-09
996 1.98701e-10
997 2.82039e-09
998 5.08144e-09
999 6.96942e-09
1000 8.48206e-09
1001 9.6262e-09
1002 1.04166e-08
1003 1.08746e-08
1004 1.10272e-08
1005 1.09053e-08
1006 1.0543e-08
1007 9.97599e-09
1008 9.24096e-09
1009 8.3743e-09
1010 7.4114e-09
1011 6.38589e-09
1012 5.32905e-09
1013 4.26933e-09
1014 3.23199e-09
1015 2.23888e-09
1016 1.30828e-09
1017 4.5491e-10
1018 -3.10056e-10
1019 -9.78814e-10
1020 -1.54674e-09
1021 -2.01215e-09
1022 -2.37597e-09
1023 -2.64145e-09
1024 -2.81378e-09
1025 -2.89977e-09
1026 -2.90748e-09
1027 -2.84591e-09
1028 -2.72464e-09
1029 -2.55355e-09
1030 -2.34257e-09
1031 -2.10137e-09
1032 -1.83926e-09
1033 -1.56491e-09
1034 -1.28627e-09
1035 -1.01047e-09
1036 -7.43712e-10
1037 -4.91256e-10
1038 -2.57393e-10
1039 -4.54634e-11
1040 1.42116e-10
1041 3.03797e-10
1042 4.38836e-10
1043 5.47216e-10
1044 6.29558e-10
1045 6.87035e-10
1046 7.21273e-10
1047 7.34261e-10
1048 7.28256e-10
1049 7.057e-10
1050 6.69137e-10
1051 6.2114e-10
1052 5.64245e-10
1053 5.00895e-10
1054 4.3339e-10
1055 3.63852e-10
1056 2.94194e-10
1057 2.26096e-10
1058 1.60998e-10
1059 1.00091e-10
1060 4.43197e-11
1061 -5.6124e-12
1062 -4.92273e-11
1063 -8.62585e-11
1064 -1.16631e-10
1065 -1.40441e-10
1066 -1.57929e-10
1067 -1.69461e-10
1068 -1.75499e-10
1069 -1.76583e-10
1070 -1.73304e-10
1071 -1.66286e-10
1072 -1.56165e-10
1073 -1.43574e-10
1074 -1.29126e-10
1075 -1.13402e-10
1076 -9.69426e-11
1077 -8.02369e-11
1078 -6.37194e-11
1079 -4.77653e-11
1080 -3.26888e-11
1081 -1.87432e-11
1082 -6.12238e-12
1083 5.03661e-12
1084 1.46495e-11
1085 2.26804e-11
1086 2.91365e-11
1087 3.40623e-11
1088 3.75341e-11
1089 3.96537e-11
1090 4.0543e-11
1091 4.03384e-11
1092 3.91855e-11
1093 3.72342e-11
1094 3.46349e-11
1095 3.15345e-11
1096 2.8073e-11
1097 2.43815e-11
1098 2.05796e-11
1099 1.67742e-11
1100 1.30586e-11
1101 9.51151e-12
1102 6.19763e-12
1103 3.16734e-12
1104 4.57577e-13
1105 -1.90742e-12
1106 -3.91501e-12
1107 -5.56301e-12
1108 -6.85833e-12
1109 -7.81565e-12
1110 -8.45605e-12
1111 -8.80563e-12
1112 -8.8942e-12
1113 -8.75409e-12
1114 -8.41901e-12
1115 -7.923e-12
1116 -7.2996e-12
1117 -6.58102e-12
1118 -5.79757e-12
1119 -4.97715e-12
1120 -4.14485e-12
1121 -3.32272e-12
1122 -2.52962e-12
1123 -1.7812e-12
1124 -1.08988e-12
1125 -4.65026e-13
1126 8.68917e-14
1127 5.62085e-13
1128 9.59172e-13
1129 1.27889e-12
1130 1.52381e-12
1131 1.69799e-12
1132 1.80671e-12
1133 1.85617e-12
1134 1.85318e-12
1135 1.80495e-12
1136 1.71884e-12
1137 1.60214e-12
1138 1.46192e-12
1139 1.30486e-12
1140 1.13717e-12
1141 9.64465e-13
1142 7.91714e-13
1143 6.23215e-13
1144 4.62571e-13
1145 3.1269e-13
1146 1.75818e-13
1147 5.35613e-14
1148 -5.30559e-14
1149 -1.43544e-13
1150 -2.17883e-13
1151 -2.76461e-13
1152 -3.20007e-13
1153 -3.49524e-13
1154 -3.66231e-13
1155 -3.71495e-13
1156 -3.66782e-13
1157 -3.53604e-13
1158 -3.33476e-13
1159 -3.07874e-13
1160 -2.78207e-13
1161 -2.45788e-13
1162 -2.11817e-13
1163 -1.77362e-13
1164 -1.43356e-13
1165 -1.10589e-13
1166 -7.97073e-14
1167 -5.12196e-14
1168 -2.55022e-14
1169 -2.80848e-15
1170 1.67204e-14
1171 3.30432e-14
1172 4.62055e-14
1173 5.63264e-14
1174 6.35849e-14
1175 6.8207e-14
1176 7.04532e-14
1177 7.0607e-14
1178 6.89646e-14
1179 6.58251e-14
1180 6.14829e-14
1181 5.62209e-14
1182 5.03044e-14
1183 4.39775e-14
1184 3.74596e-14
1185 3.09432e-14
1186 2.45931e-14
1187 1.85461e-14
1188 1.29116e-14
1189 7.77253e-15
1190 3.18722e-15
1191 -8.08533e-16
1192 -4.19917e-15
1193 -6.98684e-15
1194 -9.18875e-15
1195 -1.08346e-14
1196 -1.19639e-14
1197 -1.26236e-14
1198 -1.28659e-14
1199 -1.2746e-14
