1200
0 0
1 4.33118e-07
2 1.78898e-06
3 4.13442e-06
4 7.50881e-06
5 1.19198e-05
6 1.73398e-05
7 2.37022e-05
8 3.08998e-05
9 3.87822e-05
10 4.71561e-05
11 5.5785e-05
12 6.43913e-05
13 7.2659e-05
14 8.02382e-05
15 8.67504e-05
16 9.17955e-05
17 9.49605e-05
18 9.58284e-05
19 9.39893e-05
20 8.90519e-05
21 8.06562e-05
22 6.84864e-05
23 5.22841e-05
24 3.18623e-05
25 7.1185e-06
26 -2.19532e-05
27 -5.52497e-05
28 -9.25492e-05
29 -0.000133502
30 -0.000177626
31 -0.000224298
32 -0.00027276
33 -0.000322112
34 -0.000371325
35 -0.000419248
36 -0.000464617
37 -0.000506077
38 -0.000542198
39 -0.000571502
40 -0.000592491
41 -0.000603677
42 -0.000603617
43 -0.000590949
44 -0.000564433
45 -0.00052299
46 -0.000465743
47 -0.000392054
48 -0.000301572
49 -0.00019426
50 -7.04372e-05
51 6.91959e-05
52 0.000223532
53 0.000391036
54 0.000569739
55 0.000757232
56 0.000950669
57 0.00114679
58 0.00134195
59 0.00153212
60 0.00171301
61 0.00188005
62 0.0020285
63 0.00215351
64 0.00225024
65 0.00231393
66 0.00233999
67 0.00232417
68 0.00226261
69 0.002152
70 0.00198966
71 0.00177371
72 0.00150309
73 0.00117777
74 0.000798748
75 0.000368167
76 -0.000110621
77 -0.000633023
78 -0.00119318
79 -0.00178398
80 -0.00239707
81 -0.0030229
82 -0.00365084
83 -0.00426928
84 -0.00486573
85 -0.00542706
86 -0.00593962
87 -0.00638951
88 -0.00676283
89 -0.00704591
90 -0.00722561
91 -0.00728963
92 -0.00722681
93 -0.00702741
94 -0.00668346
95 -0.00618901
96 -0.00554046
97 -0.00473678
98 -0.00377973
99 -0.00267412
100 -0.00142787
101 -5.16755e-05
102 0.0014102
103 0.00293797
104 0.00450952
105 0.00610061
106 0.00768525
107 0.00923595
108 0.0107242
109 0.0121209
110 0.0133966
111 0.0145225
112 0.0154705
113 0.016214
114 0.0167281
115 0.0169908
116 0.0169829
117 0.0166888
118 0.0160969
119 0.0152
120 0.0139959
121 0.0124873
122 0.0106825
123 0.00859527
124 0.00624495
125 0.00365654
126 0.000860495
127 -0.00210746
128 -0.00520669
129 -0.00839204
130 -0.0116144
131 -0.0148213
132 -0.0179577
133 -0.0209668
134 -0.0237908
135 -0.0263719
136 -0.0286534
137 -0.0305807
138 -0.0321022
139 -0.0331705
140 -0.0337435
141 -0.0337852
142 -0.0332668
143 -0.0321674
144 -0.0304751
145 -0.0281873
146 -0.0253113
147 -0.0218651
148 -0.0178769
149 -0.0133859
150 -0.00844168
151 -0.00310393
152 0.00255781
153 0.00846508
154 0.0145313
155 0.0206628
156 0.0267604
157 0.0327202
158 0.0384357
159 0.0437993
160 0.0487042
161 0.0530458
162 0.0567242
163 0.0596458
164 0.0617253
165 0.0628874
166 0.0630689
167 0.0622199
168 0.0603055
169 0.0573074
170 0.0532243
171 0.0480735
172 0.0418906
173 0.0347307
174 0.0266674
175 0.0177934
176 0.00821867
177 -0.00192963
178 -0.0125091
179 -0.0233638
180 -0.0343259
181 -0.0452186
182 -0.0558581
183 -0.066057
184 -0.0756269
185 -0.0843817
186 -0.0921408
187 -0.0987324
188 -0.103997
189 -0.10779
190 -0.109986
191 -0.11048
192 -0.109192
193 -0.106068
194 -0.101081
195 -0.0942369
196 -0.08557
197 -0.075148
198 -0.0630701
199 -0.0494673
200 -0.0345014
201 -0.0183634
202 -0.00127152
203 0.0165315
204 0.0347813
205 0.0531955
206 0.0714781
207 0.0893233
208 0.106421
209 0.122461
210 0.13714
211 0.150164
212 0.161255
213 0.170158
214 0.176644
215 0.180516
216 0.181611
217 0.179809
218 0.175031
219 0.167246
220 0.156469
221 0.142769
222 0.126263
223 0.10712
224 0.0855576
225 0.0618417
226 0.0362832
227 0.0092345
228 -0.0189154
229 -0.0477456
230 -0.0768095
231 -0.105641
232 -0.133763
233 -0.160692
234 -0.18595
235 -0.209068
236 -0.2296
237 -0.247124
238 -0.261257
239 -0.271658
240 -0.278034
241 -0.280153
242 -0.277843
243 -0.270999
244 -0.259589
245 -0.243653
246 -0.223308
247 -0.198748
248 -0.170239
249 -0.138123
250 -0.10281
251 -0.0647749
252 -0.0245528
253 0.0172706
254 0.0600656
255 0.103168
256 0.145889
257 0.187526
258 0.227375
259 0.26474
260 0.298945
261 0.329348
262 0.355351
263 0.376411
264 0.392052
265 0.401871
266 0.405551
267 0.402866
268 0.393689
269 0.377995
270 0.355863
271 0.327482
272 0.293147
273 0.253255
274 0.208308
275 0.1589
276 0.105715
277 0.0495139
278 -0.00887413
279 -0.0685633
280 -0.128625
281 -0.188104
282 -0.246028
283 -0.30143
284 -0.35336
285 -0.400902
286 -0.443192
287 -0.479428
288 -0.508892
289 -0.530957
290 -0.545104
291 -0.55093
292 -0.548157
293 -0.536645
294 -0.516387
295 -0.487522
296 -0.45033
297 -0.405232
298 -0.352785
299 -0.29368
300 -0.228725
301 -0.158843
302 -0.0850542
303 -0.00846055
304 0.0697671
305 0.14841
306 0.226217
307 0.301931
308 0.374302
309 0.44211
310 0.504191
311 0.559447
312 0.606875
313 0.645578
314 0.674786
315 0.693868
316 0.702346
317 0.699905
318 0.686401
319 0.661868
320 0.626515
321 0.580732
322 0.525082
323 0.460297
324 0.387267
325 0.307029
326 0.22075
327 0.129716
328 0.0353036
329 -0.0610326
330 -0.157788
331 -0.253429
332 -0.346419
333 -0.435243
334 -0.518433
335 -0.594591
336 -0.662416
337 -0.720721
338 -0.76846
339 -0.804742
340 -0.82885
341 -0.840255
342 -0.838623
343 -0.82383
344 -0.795957
345 -0.7553
346 -0.702361
347 -0.637848
348 -0.562659
349 -0.477874
350 -0.384739
351 -0.284647
352 -0.179115
353 -0.0697621
354 0.0417149
355 0.15357
356 0.264034
357 0.371346
358 0.47378
359 0.569671
360 0.657449
361 0.735658
362 0.802985
363 0.858281
364 0.900582
365 0.929124
366 0.943358
367 0.942961
368 0.92784
369 0.89814
370 0.854239
371 0.796744
372 0.726484
373 0.644496
374 0.552012
375 0.450436
376 0.341327
377 0.226372
378 0.107358
379 -0.0138552
380 -0.135362
381 -0.255247
382 -0.37161
383 -0.482604
384 -0.586458
385 -0.681511
386 -0.766235
387 -0.839265
388 -0.899417
389 -0.945711
390 -0.977386
391 -0.993911
392 -0.994997
393 -0.980601
394 -0.950928
395 -0.906424
396 -0.847775
397 -0.775892
398 -0.691898
399 -0.597111
400 -0.49302
401 -0.381263
402 -0.2636
403 -0.141888
404 -0.0180424
405 0.105984
406 0.22824
407 0.346802
408 0.45981
409 0.565493
410 0.662201
411 0.74843
412 0.822844
413 0.884299
414 0.931862
415 0.964822
416 0.982702
417 0.985267
418 0.972527
419 0.944736
420 0.902386
421 0.846198
422 0.777113
423 0.696271
424 0.604996
425 0.50477
426 0.397212
427 0.284049
428 0.167088
429 0.0481893
430 -0.0707696
431 -0.187919
432 -0.30143
433 -0.409542
434 -0.510592
435 -0.603038
436 -0.68549
437 -0.756721
438 -0.815694
439 -0.861574
440 -0.89374
441 -0.911796
442 -0.91557
443 -0.90512
444 -0.88073
445 -0.842903
446 -0.792351
447 -0.729982
448 -0.656884
449 -0.574304
450 -0.483631
451 -0.386365
452 -0.284099
453 -0.17849
454 -0.0712285
455 0.0359844
456 0.141467
457 0.243583
458 0.340768
459 0.431552
460 0.514587
461 0.588659
462 0.652715
463 0.70587
464 0.747425
465 0.776875
466 0.79391
467 0.798426
468 0.790514
469 0.770464
470 0.738756
471 0.696047
472 0.643159
473 0.581065
474 0.510872
475 0.433798
476 0.351153
477 0.264315
478 0.174711
479 0.0837881
480 -0.00700729
481 -0.096253
482 -0.182574
483 -0.264663
484 -0.341301
485 -0.411377
486 -0.473899
487 -0.528016
488 -0.57302
489 -0.608364
490 -0.633662
491 -0.648693
492 -0.653405
493 -0.64791
494 -0.63248
495 -0.60754
496 -0.573658
497 -0.531534
498 -0.481985
499 -0.425931
500 -0.364377
501 -0.298397
502 -0.229113
503 -0.157678
504 -0.085257
505 -0.0130057
506 0.0579458
507 0.126511
508 0.191664
509 0.252455
510 0.308022
511 0.357607
512 0.40056
513 0.436354
514 0.464584
515 0.484977
516 0.497388
517 0.501804
518 0.498338
519 0.487227
520 0.468824
521 0.443587
522 0.412076
523 0.374934
524 0.332881
525 0.286695
526 0.237203
527 0.185263
528 0.131752
529 0.0775502
530 0.0235256
531 -0.0294774
532 -0.0806524
533 -0.129243
534 -0.174552
535 -0.215954
536 -0.252902
537 -0.284933
538 -0.311676
539 -0.332852
540 -0.348281
541 -0.357876
542 -0.361648
543 -0.359699
544 -0.352219
545 -0.339481
546 -0.321834
547 -0.299696
548 -0.273544
549 -0.243905
550 -0.211346
551 -0.176466
552 -0.139881
553 -0.102218
554 -0.0641006
555 -0.0261432
556 0.011062
557 0.0469523
558 0.0810031
559 0.112735
560 0.141721
561 0.167589
562 0.190031
563 0.208801
564 0.223721
565 0.234678
566 0.241627
567 0.244589
568 0.243646
569 0.238942
570 0.230674
571 0.219091
572 0.204485
573 0.187189
574 0.167565
575 0.146003
576 0.122907
577 0.0986948
578 0.0737868
579 0.0486
580 0.0235414
581 -0.000998152
582 -0.0246497
583 -0.0470714
584 -0.0679533
585 -0.0870208
586 -0.104038
587 -0.118811
588 -0.131188
589 -0.14106
590 -0.148365
591 -0.153082
592 -0.155231
593 -0.154876
594 -0.152116
595 -0.147085
596 -0.139949
597 -0.1309
598 -0.120156
599 -0.107951
600 -0.0945352
601 -0.0801675
602 -0.0651125
603 -0.0496354
604 -0.0339977
605 -0.0184535
606 -0.00324501
607 0.0114004
608 0.0252735
609 0.0381857
610 0.0499715
611 0.0604902
612 0.0696269
613 0.0772938
614 0.0834302
615 0.0880024
616 0.0910031
617 0.0924506
618 0.0923875
619 0.0908786
620 0.0880094
621 0.0838833
622 0.0786198
623 0.0723515
624 0.0652212
625 0.0573797
626 0.0489825
627 0.0401874
628 0.0311516
629 0.0220293
630 0.0129693
631 0.00411288
632 -0.00440832
633 -0.0124739
634 -0.0199761
635 -0.0268212
636 -0.0329303
637 -0.0382397
638 -0.0427017
639 -0.0462843
640 -0.0489712
641 -0.0507613
642 -0.051668
643 -0.0517181
644 -0.0509512
645 -0.0494181
646 -0.0471796
647 -0.0443049
648 -0.0408704
649 -0.0369577
650 -0.0326522
651 -0.0280416
652 -0.0232143
653 -0.0182579
654 -0.013258
655 -0.00829632
656 -0.00345038
657 0.00120819
658 0.00561427
659 0.00971006
660 0.0134456
661 0.0167793
662 0.0196782
663 0.0221179
664 0.0240827
665 0.0255653
666 0.0265669
667 0.027096
668 0.0271687
669 0.0268072
670 0.0260401
671 0.0249007
672 0.0234268
673 0.0216597
674 0.019643
675 0.0174223
676 0.0150441
677 0.0125549
678 0.0100007
679 0.00742581
680 0.00487278
681 0.0023814
682 -1.16516e-05
683 -0.00227329
684 -0.00437434
685 -0.00628984
686 -0.00799919
687 -0.00948629
688 -0.0107395
689 -0.0117517
690 -0.01252
691 -0.0130456
692 -0.0133338
693 -0.0133933
694 -0.0132359
695 -0.0128766
696 -0.0123327
697 -0.0116233
698 -0.0107694
699 -0.00979319
700 -0.00871732
701 -0.00756495
702 -0.00635913
703 -0.00512242
704 -0.0038766
705 -0.00264232
706 -0.00143885
707 -0.000283818
708 0.000806968
709 0.00181968
710 0.00274258
711 0.00356611
712 0.00428288
713 0.0048877
714 0.00537752
715 0.00575137
716 0.00601021
717 0.00615683
718 0.00619572
719 0.00613282
720 0.0059754
721 0.00573183
722 0.00541138
723 0.00502401
724 0.00458017
725 0.00409058
726 0.00356604
727 0.00301728
728 0.00245474
729 0.00188842
730 0.00132777
731 0.000781559
732 0.000257752
733 -0.000236556
734 -0.000695204
735 -0.00111301
736 -0.0014858
737 -0.0018104
738 -0.00208464
739 -0.00230731
740 -0.00247814
741 -0.00259774
742 -0.00266749
743 -0.00268953
744 -0.00266665
745 -0.00260218
746 -0.00249992
747 -0.00236407
748 -0.00219907
749 -0.00200957
750 -0.0018003
751 -0.00157603
752 -0.00134142
753 -0.00110103
754 -0.000859165
755 -0.000619903
756 -0.000386983
757 -0.000163791
758 4.66797e-05
759 0.00024185
760 0.000419569
761 0.000578125
762 0.00071624
763 0.000833063
764 0.000928155
765 0.00100147
766 0.00105332
767 0.00108437
768 0.00109555
769 0.0010881
770 0.00106344
771 0.0010232
772 0.000969153
773 0.00090317
774 0.000827191
775 0.000743185
776 0.000653111
777 0.000558893
778 0.000462384
779 0.000365344
780 0.000269413
781 0.000176095
782 8.67416e-05
783 2.54098e-06
784 -7.54924e-05
785 -0.00014652
786 -0.000209883
787 -0.000265098
788 -0.000311853
789 -0.000350001
790 -0.00037955
791 -0.000400651
792 -0.000413584
793 -0.000418748
794 -0.00041664
795 -0.000407842
796 -0.000393004
797 -0.000372831
798 -0.000348061
799 -0.000319456
800 -0.000287784
801 -0.000253805
802 -0.000218262
803 -0.000181865
804 -0.000145287
805 -0.000109151
806 -7.40255e-05
807 -4.04167e-05
808 -8.76759e-06
809 2.05464e-05
810 4.72183e-05
811 7.10095e-05
812 9.17485e-05
813 0.000109329
814 0.000123705
815 0.00013489
816 0.000142949
817 0.000147996
818 0.000150184
819 0.000149706
820 0.000146782
821 0.000141657
822 0.000134594
823 0.000125866
824 0.000115754
825 0.000104539
826 9.25002e-05
827 7.99051e-05
828 6.70109e-05
829 5.40586e-05
830 4.12707e-05
831 2.88488e-05
832 1.69719e-05
833 5.79497e-06
834 -4.55144e-06
835 -1.39617e-05
836 -2.23547e-05
837 -2.96734e-05
838 -3.58837e-05
839 -4.09732e-05
840 -4.49496e-05
841 -4.7839e-05
842 -4.96836e-05
843 -5.05402e-05
844 -5.04775e-05
845 -4.95742e-05
846 -4.79166e-05
847 -4.55968e-05
848 -4.27103e-05
849 -3.93542e-05
850 -3.56254e-05
851 -3.16191e-05
852 -2.74268e-05
853 -2.31358e-05
854 -1.88273e-05
855 -1.45759e-05
856 -1.04489e-05
857 -6.50564e-06
858 -2.79722e-06
859 6.33757e-07
860 3.75311e-06
861 6.53496e-06
862 8.96151e-06
863 1.10226e-05
864 1.27152e-05
865 1.40429e-05
866 1.50153e-05
867 1.56471e-05
868 1.59579e-05
869 1.59708e-05
870 1.57121e-05
871 1.52103e-05
872 1.44959e-05
873 1.36e-05
874 1.25543e-05
875 1.13901e-05
876 1.01379e-05
877 8.82734e-06
878 7.48597e-06
879 6.13962e-06
880 4.81185e-06
881 3.52373e-06
882 2.29377e-06
883 1.13778e-06
884 6.88442e-08
885 -9.02641e-07
886 -1.76892e-06
887 -2.52479e-06
888 -3.16741e-06
889 -3.69618e-06
890 -4.11255e-06
891 -4.41976e-06
892 -4.62265e-06
893 -4.72746e-06
894 -4.74152e-06
895 -4.67307e-06
896 -4.53102e-06
897 -4.32474e-06
898 -4.06382e-06
899 -3.75793e-06
900 -3.41661e-06
901 -3.04911e-06
902 -2.66428e-06
903 -2.27042e-06
904 -1.87523e-06
905 -1.48567e-06
906 -1.10797e-06
907 -7.47552e-07
908 -4.09012e-07
909 -9.61291e-08
910 1.88127e-07
911 4.41573e-07
912 6.62778e-07
913 8.5101e-07
914 1.00619e-06
915 1.12882e-06
916 1.21994e-06
917 1.28102e-06
918 1.31394e-06
919 1.32086e-06
920 1.30423e-06
921 1.26665e-06
922 1.21082e-06
923 1.13952e-06
924 1.05554e-06
925 9.6158e-07
926 8.60288e-07
927 7.5416e-07
928 6.45538e-07
929 5.36573e-07
930 4.2921e-07
931 3.25172e-07
932 2.25953e-07
933 1.32811e-07
934 4.67709e-08
935 -3.13695e-08
936 -1.01033e-07
937 -1.61851e-07
938 -2.13648e-07
939 -2.56428e-07
940 -2.90351e-07
941 -3.15722e-07
942 -3.32966e-07
943 -3.42607e-07
944 -3.45253e-07
945 -3.41575e-07
946 -3.32287e-07
947 -3.18129e-07
948 -2.99854e-07
949 -2.7821e-07
950 -2.53927e-07
951 -2.2771e-07
952 -2.00224e-07
953 -1.72087e-07
954 -1.43866e-07
955 -1.16071e-07
956 -8.91509e-08
957 -6.34916e-08
958 -3.94172e-08
959 -1.71894e-08
960 2.99086e-09
961 2.098e-08
962 3.66891e-08
963 5.00792e-08
964 6.11573e-08
965 6.9971e-08
966 7.66036e-08
967 8.11689e-08
968 8.38056e-08
969 8.46726e-08
970 8.39435e-08
971 8.18025e-08
972 7.84392e-08
973 7.40453e-08
974 6.88103e-08
975 6.29188e-08
976 5.65472e-08
977 4.98617e-08
978 4.30164e-08
979 3.61514e-08
980 2.93921e-08
981 2.28487e-08
982 1.6615e-08
983 1.07694e-08
984 5.37476e-09
985 4.78631e-10
986 -3.88545e-09
987 -7.69734e-09
988 -1.09491e-08
989 -1.36439e-08
990 -1.57945e-08
991 -1.74225e-08
992 -1.85562e-08
993 -1.92301e-08
994 -1.94831e-08
995 -1.93574e-08
996 -1.88977e-08
997 -1.81496e-08
998 -1.71589e-08
999 -1.59707e-08
1000 -1.46288e-08
1001 -1.31748e-08
1002 -1.16478e-08
1003 -1.00837e-08
1004 -8.51519e-09
1005 -6.97125e-09
1006 -5.47721e-09
1007 -4.05461e-09
1008 -2.72125e-09
1009 -1.49128e-09
1010 -3.75326e-10
1011 6.19262e-10
1012 1.48821e-09
1013 2.23004e-09
1014 2.84578e-09
1015 3.33866e-09
1016 3.71381e-09
1017 3.97792e-09
1018 4.13898e-09
1019 4.20595e-09
1020 4.18849e-09
1021 4.09673e-09
1022 3.94097e-09
1023 3.73152e-09
1024 3.47848e-09
1025 3.19158e-09
1026 2.88006e-09
1027 2.55254e-09
1028 2.21691e-09
1029 1.88031e-09
1030 1.54906e-09
1031 1.22863e-09
1032 9.23664e-10
1033 6.37964e-10
1034 3.74526e-10
1035 1.35582e-10
1036 -7.73558e-11
1037 -2.63437e-10
1038 -4.22414e-10
1039 -5.5457e-10
1040 -6.60657e-10
1041 -7.41824e-10
1042 -7.99547e-10
1043 -8.35564e-10
1044 -8.51811e-10
1045 -8.50364e-10
1046 -8.33377e-10
1047 -8.03041e-10
1048 -7.61531e-10
1049 -7.10972e-10
1050 -6.53399e-10
1051 -5.90737e-10
1052 -5.24772e-10
1053 -4.57137e-10
1054 -3.89297e-10
1055 -3.22545e-10
1056 -2.57995e-10
1057 -1.96586e-10
1058 -1.3908e-10
1059 -8.6077e-11
1060 -3.80158e-11
1061 4.81069e-12
1062 4.22441e-11
1063 7.42473e-11
1064 1.0089e-10
1065 1.22336e-10
1066 1.38824e-10
1067 1.50661e-10
1068 1.582e-10
1069 1.61836e-10
1070 1.61985e-10
1071 1.59079e-10
1072 1.53556e-10
1073 1.45846e-10
1074 1.36369e-10
1075 1.25526e-10
1076 1.13693e-10
1077 1.01219e-10
1078 8.84196e-11
1079 7.55787e-11
1080 6.29447e-11
1081 5.07308e-11
1082 3.91155e-11
1083 2.8243e-11
1084 1.82256e-11
1085 9.14457e-12
1086 1.05336e-12
1087 -6.02044e-12
1088 -1.20722e-11
1089 -1.71174e-11
1090 -2.11888e-11
1091 -2.43337e-11
1092 -2.66112e-11
1093 -2.80892e-11
1094 -2.88425e-11
1095 -2.89502e-11
1096 -2.84934e-11
1097 -2.7554e-11
1098 -2.62124e-11
1099 -2.45463e-11
1100 -2.26298e-11
1101 -2.05322e-11
1102 -1.83173e-11
1103 -1.60428e-11
1104 -1.37602e-11
1105 -1.15144e-11
1106 -9.34374e-12
1107 -7.28013e-12
1108 -5.34924e-12
1109 -3.57081e-12
1110 -1.95905e-12
1111 -5.23082e-13
1112 7.32588e-13
1113 1.80753e-12
1114 2.70488e-12
1115 3.43082e-12
1116 3.99403e-12
1117 4.40522e-12
1118 4.67663e-12
1119 4.82161e-12
1120 4.8542e-12
1121 4.78876e-12
1122 4.63966e-12
1123 4.42098e-12
1124 4.14629e-12
1125 3.82844e-12
1126 3.47941e-12
1127 3.11017e-12
1128 2.73064e-12
1129 2.3496e-12
1130 1.97467e-12
1131 1.61235e-12
1132 1.268e-12
1133 9.45898e-13
1134 6.49328e-13
1135 3.80615e-13
1136 1.41228e-13
1137 -6.8144e-14
1138 -2.47493e-13
1139 -3.97404e-13
1140 -5.18962e-13
1141 -6.13664e-13
1142 -6.83331e-13
1143 -7.3003e-13
1144 -7.56e-13
1145 -7.63581e-13
1146 -7.55156e-13
1147 -7.331e-13
1148 -6.99728e-13
1149 -6.57264e-13
1150 -6.07802e-13
1151 -5.53289e-13
1152 -4.95502e-13
1153 -4.36038e-13
1154 -3.76305e-13
1155 -3.17523e-13
1156 -2.60722e-13
1157 -2.06751e-13
1158 -1.56283e-13
1159 -1.09829e-13
1160 -6.77485e-14
1161 -3.02624e-14
1162 2.52984e-15
1163 3.06367e-14
1164 5.41589e-14
1165 7.3275e-14
1166 8.82262e-14
1167 9.93033e-14
1168 1.06834e-13
1169 1.1117e-13
1170 1.12678e-13
1171 1.1173e-13
1172 1.08694e-13
1173 1.03928e-13
1174 9.77742e-14
1175 9.05532e-14
1176 8.25626e-14
1177 7.40725e-14
1178 6.53247e-14
1179 5.65319e-14
1180 4.78769e-14
1181 3.9514e-14
1182 3.15692e-14
1183 2.41421e-14
1184 1.73076e-14
1185 1.11177e-14
1186 5.60403e-15
1187 7.79818e-16
1188 -3.35748e-15
1189 -6.824e-15
1190 -9.64715e-15
1191 -1.18634e-14
1192 -1.35164e-14
1193 -1.46546e-14
1194 -1.53303e-14
1195 -1.55973e-14
1196 -1.551e-14
1197 -1.5122e-14
1198 -1.44853e-14
1199 -1.36494e-14
