1200
0 0
1 6.04864e-07
2 2.47975e-06
3 5.65891e-06
4 1.0094e-05
5 1.56473e-05
6 2.20881e-05
7 2.90946e-05
8 3.62592e-05
9 4.30994e-05
10 4.90739e-05
11 5.36031e-05
12 5.60934e-05
13 5.59665e-05
14 5.26901e-05
15 4.5811e-05
16 3.49881e-05
17 2.00245e-05
18 8.96809e-07
19 -2.222e-05
20 -4.89338e-05
21 -7.86235e-05
22 -0.000110437
23 -0.000143297
24 -0.000175921
25 -0.000206849
26 -0.000234487
27 -0.000257152
28 -0.00027314
29 -0.000280792
30 -0.000278569
31 -0.000265137
32 -0.000239439
33 -0.000200783
34 -0.00014891
35 -8.40595e-05
36 -7.01994e-06
37 8.08357e-05
38 0.000177535
39 0.000280512
40 0.00038664
41 0.000492288
42 0.000593403
43 0.000685621
44 0.000764397
45 0.000825166
46 0.000863507
47 0.000875339
48 0.000857103
49 0.000805966
50 0.000719999
51 0.000598352
52 0.000441404
53 0.000250879
54 2.99234e-05
55 -0.000216856
56 -0.000483413
57 -0.000762332
58 -0.00104496
59 -0.00132161
60 -0.00158177
61 -0.00181446
62 -0.00200856
63 -0.00215317
64 -0.00223807
65 -0.00225417
66 -0.00219388
67 -0.00205163
68 -0.00182416
69 -0.00151095
70 -0.00111447
71 -0.000640365
72 -9.75672e-05
73 0.000501703
74 0.00114207
75 0.00180526
76 0.00247048
77 0.00311489
78 0.00371429
79 0.00424376
80 0.00467857
81 0.004995
82 0.00517129
83 0.00518858
84 0.00503183
85 0.00469068
86 0.00416025
87 0.00344175
88 0.00254301
89 0.00147875
90 0.000270683
91 -0.00105264
92 -0.00245624
93 -0.00389939
94 -0.00533652
95 -0.00671839
96 -0.0079935
97 -0.00910967
98 -0.0100158
99 -0.0106636
100 -0.0110098
101 -0.0109086
102 -0.0104501
103 -0.00962724
104 -0.00844433
105 -0.00691775
106 -0.00507601
107 -0.0029596
108 -0.000620379
109 0.00187945
110 0.00446873
111 0.00706919
112 0.00959752
113 0.0119679
114 0.0140944
115 0.0158942
116 0.0172901
117 0.0182135
118 0.0186072
119 0.0184278
120 0.017648
121 0.0162584
122 0.0142688
123 0.0117089
124 0.00862875
125 0.00509788
126 0.00120443
127 -0.00294682
128 -0.0072369
129 -0.0115357
130 -0.0157056
131 -0.0196055
132 -0.0230953
133 -0.0260405
134 -0.0283166
135 -0.0298142
136 -0.030443
137 -0.0301356
138 -0.0288516
139 -0.0265795
140 -0.0233392
141 -0.019183
142 -0.0141954
143 -0.00849194
144 -0.00221756
145 0.00445696
146 0.011339
147 0.0182193
148 0.0248778
149 0.0310901
150 0.036635
151 0.0413009
152 0.0448941
153 0.0472453
154 0.0482168
155 0.0477079
156 0.0456607
157 0.0420636
158 0.0369543
159 0.0304207
160 0.0226009
161 0.0136808
162 0.00389088
163 -0.00649949
164 -0.0171885
165 -0.0278504
166 -0.0381446
167 -0.0477257
168 -0.0562552
169 -0.0634119
170 -0.0689034
171 -0.0724769
172 -0.0739289
173 -0.0731145
174 -0.0699544
175 -0.0644406
176 -0.05664
177 -0.0466954
178 -0.0348248
179 -0.0213173
180 -0.00652751
181 0.00913326
182 0.0252075
183 0.0412041
184 0.0566128
185 0.0709196
186 0.0836229
187 0.0942505
188 0.102376
189 0.107633
190 0.109732
191 0.108473
192 0.10375
193 0.0955666
194 0.0840354
195 0.0693799
196 0.0519326
197 0.0321285
198 0.0104955
199 -0.0123587
200 -0.0357627
201 -0.0590002
202 -0.0813312
203 -0.102015
204 -0.120332
205 -0.135612
206 -0.14725
207 -0.154738
208 -0.157675
209 -0.15579
210 -0.148957
211 -0.137197
212 -0.120693
213 -0.0997812
214 -0.0749523
215 -0.0468391
216 -0.0162023
217 0.0160894
218 0.0490821
219 0.0817648
220 0.113099
221 0.14205
222 0.167623
223 0.18889
224 0.205031
225 0.215354
226 0.219328
227 0.216603
228 0.20703
229 0.190669
230 0.167797
231 0.138906
232 0.104695
233 0.0660553
234 0.024046
235 -0.0201299
236 -0.0651615
237 -0.109667
238 -0.152235
239 -0.191471
240 -0.226036
241 -0.254697
242 -0.276367
243 -0.290144
244 -0.295345
245 -0.291536
246 -0.278552
247 -0.256512
248 -0.225823
249 -0.187177
250 -0.141538
251 -0.0901165
252 -0.0343442
253 0.0241688
254 0.0836782
255 0.142357
256 0.198349
257 0.24983
258 0.295063
259 0.332459
260 0.360626
261 0.378426
262 0.38501
263 0.37986
264 0.362811
265 0.334064
266 0.294196
267 0.244144
268 0.185192
269 0.118937
270 0.0472459
271 -0.0277938
272 -0.103936
273 -0.178841
274 -0.250148
275 -0.315548
276 -0.37286
277 -0.420098
278 -0.455545
279 -0.477807
280 -0.485869
281 -0.479137
282 -0.457462
283 -0.42116
284 -0.371012
285 -0.308247
286 -0.234521
287 -0.151865
288 -0.0626413
289 0.0305341
290 0.124861
291 0.217439
292 0.305363
293 0.385805
294 0.45611
295 0.513883
296 0.557069
297 0.584022
298 0.59357
299 0.585059
300 0.558381
301 0.513996
302 0.452923
303 0.376718
304 0.287444
305 0.187606
306 0.0800901
307 -0.0319267
308 -0.145066
309 -0.255851
310 -0.360817
311 -0.456612
312 -0.540114
313 -0.608523
314 -0.659461
315 -0.691053
316 -0.701989
317 -0.691582
318 -0.659793
319 -0.607251
320 -0.535236
321 -0.445654
322 -0.340989
323 -0.22423
324 -0.0987899
325 0.0315977
326 0.162988
327 0.291347
328 0.412672
329 0.523125
330 0.619145
331 0.697571
332 0.755741
333 0.791586
334 0.8037
335 0.791392
336 0.754721
337 0.6945
338 0.612283
339 0.510323
340 0.391514
341 0.259306
342 0.117605
343 -0.0293425
344 -0.177078
345 -0.321069
346 -0.456848
347 -0.580151
348 -0.687055
349 -0.774104
350 -0.838417
351 -0.877789
352 -0.890764
353 -0.876686
354 -0.835731
355 -0.768905
356 -0.678024
357 -0.565665
358 -0.435087
359 -0.290143
360 -0.135162
361 0.0251844
362 0.186018
363 0.342411
364 0.489533
365 0.622805
366 0.738043
367 0.831588
368 0.900429
369 0.942295
370 0.955733
371 0.940158
372 0.895876
373 0.82408
374 0.726817
375 0.606933
376 0.467983
377 0.314128
378 0.150008
379 -0.0193966
380 -0.188925
381 -0.353388
382 -0.507733
383 -0.647201
384 -0.767471
385 -0.864801
386 -0.936143
387 -0.979239
388 -0.992696
389 -0.976028
390 -0.929676
391 -0.854993
392 -0.754211
393 -0.630364
394 -0.487205
395 -0.329081
396 -0.16081
397 0.0124771
398 0.185489
399 0.352942
400 0.509718
401 0.651029
402 0.77256
403 0.870607
404 0.942187
405 0.985134
406 0.998163
407 0.980908
408 0.933936
409 0.858723
410 0.757614
411 0.633742
412 0.490934
413 0.33359
414 0.166546
415 -0.00507816
416 -0.176034
417 -0.341111
418 -0.495294
419 -0.633921
420 -0.752822
421 -0.848449
422 -0.917983
423 -0.959416
424 -0.97161
425 -0.954331
426 -0.908248
427 -0.834913
428 -0.736702
429 -0.616744
430 -0.478816
431 -0.327224
432 -0.166668
433 -0.0020945
434 0.16146
435 0.319022
436 0.465836
437 0.597506
438 0.710136
439 0.800438
440 0.865834
441 0.90453
442 0.915562
443 0.898823
444 0.855056
445 0.785826
446 0.693465
447 0.580991
448 0.452011
449 0.310604
450 0.16119
451 0.00839322
452 -0.143107
453 -0.288716
454 -0.424068
455 -0.545157
456 -0.648454
457 -0.731016
458 -0.790564
459 -0.82555
460 -0.835197
461 -0.819509
462 -0.779268
463 -0.715995
464 -0.631897
465 -0.529794
466 -0.413016
467 -0.285303
468 -0.150678
469 -0.0133244
470 0.122549
471 0.252835
472 0.373655
473 0.481472
474 0.573199
475 0.646283
476 0.698781
477 0.729405
478 0.737557
479 0.723334
480 0.687514
481 0.631526
482 0.557389
483 0.467647
484 0.365279
485 0.253601
486 0.136157
487 0.0166103
488 -0.101375
489 -0.214246
490 -0.318665
491 -0.411614
492 -0.490477
493 -0.553116
494 -0.597926
495 -0.623876
496 -0.630533
497 -0.618057
498 -0.587191
499 -0.539226
500 -0.475949
501 -0.399581
502 -0.312698
503 -0.218146
504 -0.118947
505 -0.0182065
506 0.0809895
507 0.175664
508 0.263041
509 0.340626
510 0.406274
511 0.458253
512 0.495285
513 0.516574
514 0.521825
515 0.511238
516 0.485489
517 0.445707
518 0.393418
519 0.330497
520 0.259101
521 0.181594
522 0.10047
523 0.0182751
524 -0.0624729
525 -0.139361
526 -0.210154
527 -0.272855
528 -0.325766
529 -0.367529
530 -0.397159
531 -0.414068
532 -0.418069
533 -0.409376
534 -0.388583
535 -0.356637
536 -0.314802
537 -0.264611
538 -0.207807
539 -0.146292
540 -0.082058
541 -0.0171268
542 0.0465147
543 0.106973
544 0.162506
545 0.21157
546 0.252859
547 0.285347
548 0.308301
549 0.321303
550 0.324247
551 0.317341
552 0.301085
553 0.27625
554 0.243845
555 0.20508
556 0.161324
557 0.114054
558 0.0648104
559 0.0151473
560 -0.0334174
561 -0.0794464
562 -0.121625
563 -0.158796
564 -0.189993
565 -0.214462
566 -0.231679
567 -0.241358
568 -0.24345
569 -0.238142
570 -0.225839
571 -0.207147
572 -0.182845
573 -0.153858
574 -0.121223
575 -0.0860546
576 -0.0495036
577 -0.012726
578 0.0231557
579 0.0570851
580 0.088102
581 0.115369
582 0.138191
583 0.156036
584 0.168539
585 0.175514
586 0.176949
587 0.173002
588 0.163988
589 0.150367
590 0.132722
591 0.111736
592 0.0881712
593 0.0628376
594 0.0365701
595 0.0102005
596 -0.0154678
597 -0.0396833
598 -0.0617677
599 -0.0811334
600 -0.0972989
601 -0.109899
602 -0.11869
603 -0.123557
604 -0.124507
605 -0.121666
606 -0.115273
607 -0.105664
608 -0.0932601
609 -0.0785505
610 -0.0620754
611 -0.0444069
612 -0.0261298
613 -0.00782386
614 0.00995452
615 0.0266879
616 0.0419125
617 0.0552297
618 0.066316
619 0.0749298
620 0.0809151
621 0.0842028
622 0.0848091
623 0.0828315
624 0.078442
625 0.0718791
626 0.063437
627 0.0534545
628 0.0423027
629 0.0303719
630 0.018059
631 0.0057548
632 -0.00616747
633 -0.0173631
634 -0.0275251
635 -0.0363919
636 -0.0437534
637 -0.0494552
638 -0.0534005
639 -0.0555507
640 -0.0559239
641 -0.0545916
642 -0.051674
643 -0.0473345
644 -0.0417717
645 -0.0352128
646 -0.0279044
647 -0.0201042
648 -0.012073
649 -0.0040658
650 0.00367519
651 0.0109277
652 0.017495
653 0.0232111
654 0.0279439
655 0.0315982
656 0.0341162
657 0.0354778
658 0.0356991
659 0.0348306
660 0.0329534
661 0.0301754
662 0.0266267
663 0.0224543
664 0.017817
665 0.0128796
666 0.0078077
667 0.00276251
668 -0.00210387
669 -0.00665265
670 -0.010762
671 -0.0143299
672 -0.0172761
673 -0.0195437
674 -0.0210997
675 -0.0219344
676 -0.0220609
677 -0.021513
678 -0.0203437
679 -0.0186221
680 -0.0164303
681 -0.0138606
682 -0.0110118
683 -0.00798583
684 -0.00488466
685 -0.00180684
686 0.00115516
687 0.00391751
688 0.00640713
689 0.00856335
690 0.0103391
691 0.0117016
692 0.0126326
693 0.0131281
694 0.0131975
695 0.0128632
696 0.0121581
697 0.0111251
698 0.0098145
699 0.00828221
700 0.00658778
701 0.00479231
702 0.00295642
703 0.00113849
704 -0.000607073
705 -0.00223125
706 -0.00369164
707 -0.00495335
708 -0.00598964
709 -0.00678229
710 -0.00732164
711 -0.00760637
712 -0.00764308
713 -0.00744558
714 -0.00703405
715 -0.00643401
716 -0.00567527
717 -0.00479066
718 -0.00381491
719 -0.00278342
720 -0.00173114
721 -0.000691512
722 0.00030448
723 0.0012291
724 0.00205853
725 0.00277336
726 0.00335891
727 0.0038054
728 0.00410794
729 0.00426637
730 0.00428498
731 0.0041721
732 0.00393957
733 0.00360214
734 0.00317687
735 0.00268243
736 0.00213842
737 0.00156469
738 0.00098073
739 0.000405093
740 -0.000145141
741 -0.000654784
742 -0.00111089
743 -0.00150302
744 -0.00182337
745 -0.00206688
746 -0.0022312
747 -0.00231655
748 -0.0023256
749 -0.00226317
750 -0.00213597
751 -0.00195227
752 -0.00172151
753 -0.00145395
754 -0.00116029
755 -0.000851319
756 -0.000537561
757 -0.000228969
758 6.53432e-05
759 0.000337326
760 0.000580171
761 0.00078844
762 0.000958137
763 0.00108673
764 0.00117314
765 0.00121767
766 0.00122187
767 0.00118846
768 0.00112111
769 0.00102429
770 0.000903054
771 0.000762874
772 0.000609404
773 0.000448309
774 0.00028509
775 0.000124917
776 -2.75021e-05
777 -0.000168038
778 -0.000293228
779 -0.000400332
780 -0.000487369
781 -0.000553122
782 -0.000597123
783 -0.000619611
784 -0.000621472
785 -0.000604167
786 -0.000569644
787 -0.00052024
788 -0.00045858
789 -0.000387476
790 -0.000309821
791 -0.0002285
792 -0.000146292
793 -6.57991e-05
794 1.06267e-05
795 8.09354e-05
796 0.000143421
797 0.000196751
798 0.000239974
799 0.000272528
800 0.000294222
801 0.000305219
802 0.000306
803 0.000297327
804 0.000280197
805 0.000255793
806 0.000225431
807 0.000190512
808 0.000152471
809 0.000112725
810 7.26368e-05
811 3.34722e-05
812 -3.63083e-06
813 -3.76875e-05
814 -6.78852e-05
815 -9.35954e-05
816 -0.000114379
817 -0.000129984
818 -0.000140341
819 -0.000145548
820 -0.000145857
821 -0.000141651
822 -0.000133422
823 -0.000121751
824 -0.000107277
825 -9.06752e-05
826 -7.26323e-05
827 -5.38248e-05
828 -3.48979e-05
829 -1.64479e-05
830 9.9212e-07
831 1.69644e-05
832 3.10944e-05
833 4.30956e-05
834 5.27717e-05
835 6.0015e-05
836 6.48026e-05
837 6.71901e-05
838 6.73035e-05
839 6.53292e-05
840 6.15033e-05
841 5.61e-05
842 4.94196e-05
843 4.17775e-05
844 3.34922e-05
845 2.48757e-05
846 1.62239e-05
847 7.80881e-06
848 -1.28154e-07
849 -7.38093e-06
850 -1.37825e-05
851 -1.92065e-05
852 -2.35684e-05
853 -2.68237e-05
854 -2.89666e-05
855 -3.00266e-05
856 -3.00644e-05
857 -2.91677e-05
858 -2.74456e-05
859 -2.50238e-05
860 -2.20388e-05
861 -1.86331e-05
862 -1.49496e-05
863 -1.11277e-05
864 -7.29858e-06
865 -3.58244e-06
866 -8.51677e-08
867 3.10353e-06
868 5.91156e-06
869 8.28516e-06
870 1.0189e-05
871 1.16056e-05
872 1.25343e-05
873 1.299e-05
874 1.30009e-05
875 1.26067e-05
876 1.18564e-05
877 1.08055e-05
878 9.51428e-06
879 8.04483e-06
880 6.45935e-06
881 4.81801e-06
882 3.17726e-06
883 1.58839e-06
884 9.63809e-08
885 -1.26098e-06
886 -2.45358e-06
887 -3.45928e-06
888 -4.26387e-06
889 -4.86075e-06
890 -5.2505e-06
891 -5.44018e-06
892 -5.44247e-06
893 -5.2748e-06
894 -4.95832e-06
895 -4.51691e-06
896 -3.97613e-06
897 -3.36231e-06
898 -2.7016e-06
899 -2.01915e-06
900 -1.33846e-06
901 -6.80738e-07
902 -6.44498e-08
903 4.94982e-07
904 9.854e-07
905 1.39798e-06
906 1.72721e-06
907 1.97073e-06
908 2.12911e-06
909 2.20557e-06
910 2.20559e-06
911 2.13657e-06
912 2.00735e-06
913 1.82784e-06
914 1.60858e-06
915 1.36035e-06
916 1.09377e-06
917 8.19053e-07
918 5.45642e-07
919 2.82029e-07
920 3.55605e-08
921 -1.87679e-07
922 -3.82938e-07
923 -5.46822e-07
924 -6.77264e-07
925 -7.73463e-07
926 -8.35782e-07
927 -8.65624e-07
928 -8.65284e-07
929 -8.37785e-07
930 -7.86713e-07
931 -7.16044e-07
932 -6.29978e-07
933 -5.32784e-07
934 -4.28655e-07
935 -3.21586e-07
936 -2.1526e-07
937 -1.12965e-07
938 -1.75308e-08
939 6.87203e-08
940 1.43992e-07
941 2.07021e-07
942 2.57062e-07
943 2.93858e-07
944 3.17602e-07
945 3.28882e-07
946 3.28622e-07
947 3.1802e-07
948 2.9848e-07
949 2.71546e-07
950 2.38839e-07
951 2.01996e-07
952 1.62617e-07
953 1.22216e-07
954 8.21823e-08
955 4.37498e-08
956 7.97172e-09
957 -2.42932e-08
958 -5.23882e-08
959 -7.5859e-08
960 -9.44463e-08
961 -1.08074e-07
962 -1.16834e-07
963 -1.20963e-07
964 -1.2082e-07
965 -1.16864e-07
966 -1.09627e-07
967 -9.96896e-08
968 -8.76566e-08
969 -7.41357e-08
970 -5.97174e-08
971 -4.49577e-08
972 -3.03641e-08
973 -1.6384e-08
974 -3.39749e-09
975 8.28849e-09
976 1.84417e-08
977 2.69041e-08
978 3.3589e-08
979 3.84764e-08
980 4.16058e-08
981 4.3069e-08
982 4.30016e-08
983 4.15731e-08
984 3.89786e-08
985 3.5429e-08
986 3.11432e-08
987 2.63392e-08
988 2.12282e-08
989 1.60077e-08
990 1.08571e-08
991 5.93354e-09
992 1.36964e-09
993 -2.72835e-09
994 -6.28097e-09
995 -9.23518e-09
996 -1.15631e-08
997 -1.32602e-08
998 -1.43427e-08
999 -1.4845e-08
1000 -1.48161e-08
1001 -1.43169e-08
1002 -1.34165e-08
1003 -1.21891e-08
1004 -1.07113e-08
1005 -9.0588e-09
1006 -7.30474e-09
1007 -5.51703e-09
1008 -3.75702e-09
1009 -2.07818e-09
1010 -5.25284e-10
1011 8.66096e-10
1012 2.06966e-09
1013 3.06821e-09
1014 3.85314e-09
1015 4.42375e-09
1016 4.78636e-09
1017 4.95331e-09
1018 4.94185e-09
1019 4.77301e-09
1020 4.47052e-09
1021 4.05965e-09
1022 3.5663e-09
1023 3.016e-09
1024 2.43319e-09
1025 1.84049e-09
1026 1.25822e-09
1027 7.03977e-10
1028 1.92395e-10
1029 -2.64999e-10
1030 -6.59789e-10
1031 -9.86587e-10
1032 -1.24285e-09
1033 -1.42861e-09
1034 -1.54623e-09
1035 -1.59997e-09
1036 -1.59569e-09
1037 -1.54043e-09
1038 -1.44205e-09
1039 -1.30891e-09
1040 -1.14946e-09
1041 -9.72041e-10
1042 -7.8456e-10
1043 -5.94312e-10
1044 -4.07808e-10
1045 -2.30655e-10
1046 -6.74807e-11
1047 7.81e-11
1048 2.03483e-10
1049 3.07037e-10
1050 3.88043e-10
1051 4.46604e-10
1052 4.83546e-10
1053 5.00299e-10
1054 4.98782e-10
1055 4.81276e-10
1056 4.50308e-10
1057 4.08537e-10
1058 3.5865e-10
1059 3.03271e-10
1060 2.44883e-10
1061 1.8576e-10
1062 1.27923e-10
1063 7.31002e-11
1064 2.27093e-11
1065 -2.21534e-11
1066 -6.07085e-11
1067 -9.24801e-11
1068 -1.17274e-10
1069 -1.35149e-10
1070 -1.46384e-10
1071 -1.51442e-10
1072 -1.5093e-10
1073 -1.45564e-10
1074 -1.36127e-10
1075 -1.23441e-10
1076 -1.0833e-10
1077 -9.1595e-11
1078 -7.39897e-11
1079 -5.62012e-11
1080 -3.8836e-11
1081 -2.24102e-11
1082 -7.34365e-12
1083 6.04189e-12
1084 1.75208e-11
1085 2.6959e-11
1086 3.43069e-11
1087 3.959e-11
1088 4.28989e-11
1089 4.43778e-11
1090 4.42127e-11
1091 4.26203e-11
1092 3.98366e-11
1093 3.61068e-11
1094 3.16757e-11
1095 2.67798e-11
1096 2.16405e-11
1097 1.64588e-11
1098 1.1411e-11
1099 6.64608e-12
1100 2.28453e-12
1101 -1.58229e-12
1102 -4.89125e-12
1103 -7.60595e-12
1104 -9.71442e-12
1105 -1.12264e-11
1106 -1.217e-11
1107 -1.25888e-11
1108 -1.25378e-11
1109 -1.20805e-11
1110 -1.12857e-11
1111 -1.02241e-11
1112 -8.9661e-12
1113 -7.57941e-12
1114 -6.12697e-12
1115 -4.66563e-12
1116 -3.24499e-12
1117 -1.90675e-12
1118 -6.84305e-13
1119 3.97225e-13
1120 1.32077e-12
1121 2.07679e-12
1122 2.66261e-12
1123 3.08158e-12
1124 3.34218e-12
1125 3.45702e-12
1126 3.44189e-12
1127 3.31482e-12
1128 3.09511e-12
1129 2.80261e-12
1130 2.45687e-12
1131 2.07663e-12
1132 1.67922e-12
1133 1.28022e-12
1134 8.93126e-13
1135 5.29231e-13
1136 1.97507e-13
1137 -9.53741e-14
1138 -3.44945e-13
1139 -5.48802e-13
1140 -7.064e-13
1141 -8.18818e-13
1142 -8.88506e-13
1143 -9.19008e-13
1144 -9.14698e-13
1145 -8.80519e-13
1146 -8.21735e-13
1147 -7.43712e-13
1148 -6.51722e-13
1149 -5.5078e-13
1150 -4.45507e-13
1151 -3.40032e-13
1152 -2.37916e-13
1153 -1.42114e-13
1154 -5.496e-14
1155 2.18308e-14
1156 8.71295e-14
1157 1.40352e-13
1158 1.81403e-13
1159 2.10611e-13
1160 2.28657e-13
1161 2.36503e-13
1162 2.35322e-13
1163 2.26424e-13
1164 2.11199e-13
1165 1.91052e-13
1166 1.67357e-13
1167 1.41414e-13
1168 1.14416e-13
1169 8.74217e-14
1170 6.13406e-14
1171 3.69219e-14
1172 1.47521e-14
1173 -4.74154e-15
1174 -2.12835e-14
1175 -3.47374e-14
1176 -4.50909e-14
1177 -5.24387e-14
1178 -5.69638e-14
1179 -5.89187e-14
1180 -5.86069e-14
1181 -5.63654e-14
1182 -5.25482e-14
1183 -4.75119e-14
1184 -4.16031e-14
1185 -3.51482e-14
1186 -2.84448e-14
1187 -2.17563e-14
1188 -1.5307e-14
1189 -9.28101e-15
1190 -3.82102e-15
1191 9.70171e-16
1192 5.0275e-15
1193 8.32039e-15
1194 1.08488e-14
1195 1.26387e-14
1196 1.37374e-14
1197 1.42092e-14
1198 1.41299e-14
1199 1.35834e-14
