1200
0 0
1 3.79208e-07
2 1.56916e-06
3 3.63751e-06
4 6.63499e-06
5 1.05924e-05
6 1.55176e-05
7 2.13929e-05
8 2.81726e-05
9 3.5781e-05
10 4.41104e-05
11 5.30203e-05
12 6.23369e-05
13 7.18526e-05
14 8.13274e-05
15 9.04901e-05
16 9.90408e-05
17 0.000106654
18 0.000112982
19 0.000117662
20 0.000120318
21 0.000120573
22 0.00011805
23 0.000112384
24 0.000103232
25 9.02776e-05
26 7.32451e-05
27 5.1907e-05
28 2.60951e-05
29 -4.29002e-06
30 -3.92689e-05
31 -7.87743e-05
32 -0.000122642
33 -0.000170605
34 -0.000222284
35 -0.000277185
36 -0.000334694
37 -0.000394078
38 -0.000454483
39 -0.000514936
40 -0.000574353
41 -0.000631544
42 -0.000685226
43 -0.000734032
44 -0.000776531
45 -0.000811242
46 -0.00083666
47 -0.000851277
48 -0.000853607
49 -0.000842216
50 -0.000815754
51 -0.000772979
52 -0.000712801
53 -0.000634304
54 -0.000536787
55 -0.000419796
56 -0.000283151
57 -0.000126981
58 4.82469e-05
59 0.000241708
60 0.000452195
61 0.000678102
62 0.000917412
63 0.00116769
64 0.0014261
65 0.00168937
66 0.00195386
67 0.00221554
68 0.00247006
69 0.00271275
70 0.00293869
71 0.00314277
72 0.00331973
73 0.00346425
74 0.00357105
75 0.00363491
76 0.00365083
77 0.0036141
78 0.00352037
79 0.0033658
80 0.00314715
81 0.00286186
82 0.00250818
83 0.00208523
84 0.00159312
85 0.00103305
86 0.000407314
87 -0.000280574
88 -0.00102586
89 -0.00182252
90 -0.00266325
91 -0.00353944
92 -0.00444124
93 -0.00535759
94 -0.00627628
95 -0.00718406
96 -0.00806673
97 -0.00890932
98 -0.00969622
99 -0.0104114
100 -0.0110384
101 -0.0114467
102 -0.0117288
103 -0.0118733
104 -0.01187
105 -0.0117099
106 -0.0113856
107 -0.0108917
108 -0.0102245
109 -0.00938264
110 -0.00836687
111 -0.00718044
112 -0.00582906
113 -0.004321
114 -0.00266712
115 -0.000880887
116 0.00102167
117 0.00302202
118 0.00509928
119 0.00723032
120 0.00938994
121 0.0115512
122 0.0136855
123 0.015763
124 0.0177531
125 0.0196245
126 0.0213458
127 0.0228858
128 0.0242141
129 0.0253014
130 0.02612
131 0.0266442
132 0.0268511
133 0.0267204
134 0.0262356
135 0.0253838
136 0.0241563
137 0.0225491
138 0.0205628
139 0.0182033
140 0.0154818
141 0.0124146
142 0.00902384
143 0.00533686
144 0.00138646
145 -0.00278937
146 -0.00714769
147 -0.0116409
148 -0.0162173
149 -0.0208212
150 -0.0253939
151 -0.0298742
152 -0.0341988
153 -0.0383035
154 -0.0421237
155 -0.0455953
156 -0.0486557
157 -0.0512445
158 -0.0533049
159 -0.0547839
160 -0.0556337
161 -0.0558126
162 -0.0552855
163 -0.0540252
164 -0.0520126
165 -0.0492377
166 -0.0456999
167 -0.0414089
168 -0.0363844
169 -0.030657
170 -0.0242677
171 -0.0172682
172 -0.00972059
173 -0.00169704
174 0.00672079
175 0.0154423
176 0.0243688
177 0.0333945
178 0.0424074
179 0.0512908
180 0.0599244
181 0.0681859
182 0.0759522
183 0.0831016
184 0.0895149
185 0.0950772
186 0.0996801
187 0.103222
188 0.105613
189 0.106772
190 0.106631
191 0.105136
192 0.10225
193 0.0979509
194 0.0922339
195 0.085113
196 0.0766211
197 0.06681
198 0.0557508
199 0.0435337
200 0.0302675
201 0.0160792
202 0.00111259
203 -0.0144726
204 -0.0305022
205 -0.0467896
206 -0.0631374
207 -0.0793396
208 -0.0951843
209 -0.110456
210 -0.124938
211 -0.138415
212 -0.150678
213 -0.161525
214 -0.170764
215 -0.178218
216 -0.183724
217 -0.187141
218 -0.188347
219 -0.187246
220 -0.183766
221 -0.177867
222 -0.169533
223 -0.158784
224 -0.145669
225 -0.130269
226 -0.112698
227 -0.0931017
228 -0.0716571
229 -0.0485707
230 -0.0240771
231 0.00156284
232 0.0280648
233 0.0551238
234 0.0824175
235 0.10961
236 0.136354
237 0.162299
238 0.187092
239 0.210383
240 0.23183
241 0.251103
242 0.26789
243 0.281901
244 0.292872
245 0.300569
246 0.304793
247 0.305382
248 0.302217
249 0.295223
250 0.28437
251 0.269678
252 0.251214
253 0.229098
254 0.203497
255 0.174631
256 0.142764
257 0.108207
258 0.0713161
259 0.0324847
260 -0.00785701
261 -0.0492476
262 -0.0911995
263 -0.133205
264 -0.17474
265 -0.215274
266 -0.254275
267 -0.291214
268 -0.325575
269 -0.356862
270 -0.384604
271 -0.408362
272 -0.427736
273 -0.442372
274 -0.451967
275 -0.456274
276 -0.455105
277 -0.448338
278 -0.435918
279 -0.417861
280 -0.394254
281 -0.365255
282 -0.331094
283 -0.292075
284 -0.248565
285 -0.201
286 -0.149875
287 -0.0957429
288 -0.0392058
289 0.01909
290 0.0784618
291 0.138198
292 0.197568
293 0.255827
294 0.312232
295 0.366045
296 0.416546
297 0.463041
298 0.504872
299 0.541426
300 0.572146
301 0.596533
302 0.61416
303 0.624677
304 0.627815
305 0.623392
306 0.611319
307 0.5916
308 0.564334
309 0.529718
310 0.488044
311 0.439698
312 0.385155
313 0.324978
314 0.259809
315 0.190362
316 0.117421
317 0.0418228
318 -0.0355469
319 -0.113766
320 -0.191887
321 -0.268947
322 -0.343983
323 -0.416042
324 -0.484192
325 -0.547536
326 -0.605225
327 -0.656466
328 -0.700535
329 -0.736788
330 -0.764669
331 -0.783718
332 -0.793578
333 -0.794004
334 -0.784862
335 -0.766137
336 -0.737935
337 -0.700478
338 -0.654108
339 -0.599281
340 -0.536564
341 -0.466631
342 -0.39025
343 -0.308282
344 -0.221665
345 -0.131406
346 -0.0385683
347 0.0557415
348 0.150386
349 0.244213
350 0.336066
351 0.424804
352 0.509312
353 0.588518
354 0.661404
355 0.727022
356 0.784505
357 0.83308
358 0.872076
359 0.900936
360 0.919226
361 0.926636
362 0.922991
363 0.908251
364 0.882512
365 0.846007
366 0.799107
367 0.742311
368 0.676244
369 0.601652
370 0.51939
371 0.430412
372 0.335763
373 0.236562
374 0.133993
375 0.0292846
376 -0.0762989
377 -0.181477
378 -0.28497
379 -0.385509
380 -0.481861
381 -0.572837
382 -0.657309
383 -0.734227
384 -0.802629
385 -0.861657
386 -0.910565
387 -0.948728
388 -0.975655
389 -0.990991
390 -0.994522
391 -0.986181
392 -0.966048
393 -0.934347
394 -0.891445
395 -0.837848
396 -0.774197
397 -0.701253
398 -0.619896
399 -0.531109
400 -0.435967
401 -0.335623
402 -0.231295
403 -0.12425
404 -0.0157873
405 0.0927772
406 0.200127
407 0.304961
408 0.406013
409 0.502062
410 0.591954
411 0.674609
412 0.749042
413 0.81437
414 0.869822
415 0.914754
416 0.948652
417 0.971138
418 0.981978
419 0.981081
420 0.9685
421 0.944434
422 0.909219
423 0.863331
424 0.807371
425 0.742065
426 0.668249
427 0.586858
428 0.498919
429 0.40553
430 0.307854
431 0.207097
432 0.104498
433 0.00130907
434 -0.101216
435 -0.201842
436 -0.299364
437 -0.392623
438 -0.480522
439 -0.562038
440 -0.636231
441 -0.702263
442 -0.759399
443 -0.807021
444 -0.844633
445 -0.871866
446 -0.888482
447 -0.894374
448 -0.889571
449 -0.874231
450 -0.84864
451 -0.813207
452 -0.768459
453 -0.715033
454 -0.653664
455 -0.585179
456 -0.510481
457 -0.430542
458 -0.346388
459 -0.259085
460 -0.169723
461 -0.0794081
462 0.0107562
463 0.0996813
464 0.186307
465 0.269615
466 0.34864
467 0.422481
468 0.490313
469 0.551396
470 0.605082
471 0.650823
472 0.688177
473 0.716809
474 0.736498
475 0.747135
476 0.748725
477 0.741382
478 0.72533
479 0.700895
480 0.668504
481 0.628672
482 0.581998
483 0.529158
484 0.47089
485 0.407989
486 0.341292
487 0.27167
488 0.200016
489 0.12723
490 0.0542146
491 -0.018144
492 -0.0889816
493 -0.157468
494 -0.222818
495 -0.284297
496 -0.341235
497 -0.393025
498 -0.43914
499 -0.47913
500 -0.512629
501 -0.539358
502 -0.559128
503 -0.571838
504 -0.577476
505 -0.576117
506 -0.567921
507 -0.55313
508 -0.53206
509 -0.505099
510 -0.472698
511 -0.435368
512 -0.393668
513 -0.348197
514 -0.299591
515 -0.248509
516 -0.195624
517 -0.141619
518 -0.0871733
519 -0.0329579
520 0.0203755
521 0.0722011
522 0.121926
523 0.168997
524 0.212908
525 0.253202
526 0.289478
527 0.321395
528 0.348675
529 0.371101
530 0.388525
531 0.40086
532 0.408089
533 0.410253
534 0.407459
535 0.39987
536 0.387704
537 0.371231
538 0.350765
539 0.326663
540 0.299315
541 0.269144
542 0.236592
543 0.202121
544 0.166205
545 0.129319
546 0.0919404
547 0.0545369
548 0.0175642
549 -0.0185404
550 -0.0533629
551 -0.0865173
552 -0.117649
553 -0.146439
554 -0.172608
555 -0.195914
556 -0.216161
557 -0.233195
558 -0.246907
559 -0.257232
560 -0.26415
561 -0.267681
562 -0.267889
563 -0.264877
564 -0.258782
565 -0.249779
566 -0.238069
567 -0.223884
568 -0.207476
569 -0.189119
570 -0.1691
571 -0.147718
572 -0.125281
573 -0.102096
574 -0.078473
575 -0.0547141
576 -0.0311144
577 -0.00795677
578 0.0144911
579 0.0359796
580 0.0562794
581 0.075184
582 0.0925113
583 0.108105
584 0.121837
585 0.133605
586 0.143335
587 0.150983
588 0.156531
589 0.159986
590 0.161384
591 0.160784
592 0.158266
593 0.153934
594 0.147908
595 0.140326
596 0.131339
597 0.121112
598 0.109818
599 0.0976344
600 0.0847468
601 0.0713402
602 0.0575994
603 0.0437061
604 0.029837
605 0.0161613
606 0.00283947
607 -0.00997905
608 -0.0221569
609 -0.0335702
610 -0.0441097
611 -0.0536813
612 -0.0622069
613 -0.0696245
614 -0.0758887
615 -0.0809701
616 -0.0848555
617 -0.087547
618 -0.0890618
619 -0.0894308
620 -0.0886982
621 -0.0869198
622 -0.0841624
623 -0.0805021
624 -0.076023
625 -0.0708158
626 -0.0649766
627 -0.0586051
628 -0.0518033
629 -0.0446743
630 -0.0373205
631 -0.029843
632 -0.0223395
633 -0.014904
634 -0.00762548
635 -0.00058677
636 0.00613593
637 0.0124738
638 0.0183662
639 0.0237605
640 0.0286129
641 0.0328886
642 0.0365613
643 0.0396138
644 0.0420374
645 0.0438317
646 0.0450042
647 0.0455699
648 0.0455508
649 0.0449751
650 0.0438768
651 0.0422947
652 0.0402719
653 0.0378551
654 0.0350936
655 0.0320385
656 0.0287424
657 0.0252582
658 0.0216386
659 0.0179354
660 0.0141988
661 0.0104772
662 0.00681618
663 0.00325823
664 -0.000157457
665 -0.00339554
666 -0.0064247
667 -0.00921785
668 -0.0117523
669 -0.0140097
670 -0.0159763
671 -0.0176427
672 -0.0190036
673 -0.0200582
674 -0.0208093
675 -0.0212635
676 -0.021431
677 -0.0213249
678 -0.0209611
679 -0.020358
680 -0.019536
681 -0.0185172
682 -0.0173251
683 -0.015984
684 -0.0145188
685 -0.0129548
686 -0.011317
687 -0.00963004
688 -0.00791782
689 -0.00620327
690 -0.00450807
691 -0.00285246
692 -0.00125506
693 0.000267312
694 0.00169971
695 0.0030292
696 0.00424487
697 0.00533787
698 0.00630145
699 0.00713087
700 0.00782338
701 0.00837814
702 0.00879613
703 0.00908001
704 0.00923401
705 0.00926377
706 0.0091762
707 0.00897931
708 0.00868204
709 0.0082941
710 0.00782578
711 0.00728781
712 0.00669115
713 0.00604689
714 0.00536606
715 0.0046595
716 0.00393772
717 0.00321083
718 0.00248834
719 0.00177918
720 0.00109154
721 0.000432826
722 -0.000190357
723 -0.000772282
724 -0.0013081
725 -0.00179386
726 -0.0022265
727 -0.00260382
728 -0.0029245
729 -0.003188
730 -0.00339458
731 -0.0035452
732 -0.00364149
733 -0.00368568
734 -0.00368054
735 -0.00362929
736 -0.00353555
737 -0.00340324
738 -0.00323657
739 -0.00303988
740 -0.00281765
741 -0.00257438
742 -0.00231457
743 -0.00204264
744 -0.00176286
745 -0.00147935
746 -0.00119598
747 -0.000916397
748 -0.00064393
749 -0.000381608
750 -0.000132126
751 0.000102168
752 0.00031928
753 0.000517573
754 0.000695766
755 0.000852925
756 0.000988453
757 0.00110208
758 0.00119383
759 0.00126402
760 0.00131323
761 0.00134226
762 0.00135214
763 0.00134405
764 0.00131937
765 0.00127955
766 0.00122617
767 0.00116087
768 0.00108533
769 0.00100125
770 0.000910331
771 0.000814227
772 0.000714554
773 0.000612861
774 0.000510612
775 0.000409176
776 0.000309812
777 0.000213665
778 0.000121753
779 3.49673e-05
780 -4.59333e-05
781 -0.000120322
782 -0.000187702
783 -0.000247708
784 -0.000300094
785 -0.000344736
786 -0.00038162
787 -0.000410836
788 -0.000432568
789 -0.000447087
790 -0.000454737
791 -0.00045593
792 -0.000451131
793 -0.000440852
794 -0.000425638
795 -0.000406059
796 -0.000382701
797 -0.000356157
798 -0.000327014
799 -0.000295855
800 -0.00026324
801 -0.000229711
802 -0.000195778
803 -0.000161919
804 -0.000128573
805 -9.61407e-05
806 -6.4979e-05
807 -3.54003e-05
808 -7.67203e-06
809 1.79836e-05
810 4.13892e-05
811 6.24114e-05
812 8.09589e-05
813 9.69804e-05
814 0.000110463
815 0.000121427
816 0.000129928
817 0.000136048
818 0.000139894
819 0.000141596
820 0.000141303
821 0.000139178
822 0.000135396
823 0.00013014
824 0.000123599
825 0.000115963
826 0.000107422
827 9.81644e-05
828 8.83705e-05
829 7.82147e-05
830 6.7862e-05
831 5.74666e-05
832 4.71708e-05
833 3.71038e-05
834 2.73814e-05
835 1.81051e-05
836 9.36215e-06
837 1.22528e-06
838 -6.24686e-06
839 -1.30095e-05
840 -1.90311e-05
841 -2.42929e-05
842 -2.8788e-05
843 -3.25203e-05
844 -3.55038e-05
845 -3.77617e-05
846 -3.93249e-05
847 -4.02311e-05
848 -4.05239e-05
849 -4.02515e-05
850 -3.94657e-05
851 -3.8221e-05
852 -3.65735e-05
853 -3.45798e-05
854 -3.22966e-05
855 -2.97798e-05
856 -2.70835e-05
857 -2.42596e-05
858 -2.13575e-05
859 -1.84232e-05
860 -1.54992e-05
861 -1.26243e-05
862 -9.83312e-06
863 -7.15624e-06
864 -4.61994e-06
865 -2.2463e-06
866 -5.32299e-08
867 1.9454e-06
868 3.7396e-06
869 5.32309e-06
870 6.69303e-06
871 7.84977e-06
872 8.79654e-06
873 9.53922e-06
874 1.0086e-05
875 1.04468e-05
876 1.06337e-05
877 1.06596e-05
878 1.05388e-05
879 1.02862e-05
880 9.91711e-06
881 9.44728e-06
882 8.89229e-06
883 8.26751e-06
884 7.58788e-06
885 6.86777e-06
886 6.12077e-06
887 5.35962e-06
888 4.5961e-06
889 3.84092e-06
890 3.10372e-06
891 2.39297e-06
892 1.71603e-06
893 1.07908e-06
894 4.87185e-07
895 -5.56929e-08
896 -5.46638e-07
897 -9.83733e-07
898 -1.36599e-06
899 -1.69328e-06
900 -1.96625e-06
901 -2.18625e-06
902 -2.35524e-06
903 -2.47572e-06
904 -2.55063e-06
905 -2.58325e-06
906 -2.57717e-06
907 -2.53617e-06
908 -2.46416e-06
909 -2.36512e-06
910 -2.24302e-06
911 -2.10179e-06
912 -1.94523e-06
913 -1.77701e-06
914 -1.60061e-06
915 -1.41929e-06
916 -1.23605e-06
917 -1.05365e-06
918 -8.74552e-07
919 -7.00944e-07
920 -5.34719e-07
921 -3.77484e-07
922 -2.3056e-07
923 -9.49943e-08
924 2.84302e-08
925 1.39179e-07
926 2.36948e-07
927 3.21651e-07
928 3.93392e-07
929 4.5245e-07
930 4.99258e-07
931 5.34379e-07
932 5.58486e-07
933 5.72342e-07
934 5.76781e-07
935 5.72687e-07
936 5.60977e-07
937 5.42586e-07
938 5.18449e-07
939 4.89491e-07
940 4.5661e-07
941 4.20672e-07
942 3.82498e-07
943 3.42858e-07
944 3.02465e-07
945 2.61971e-07
946 2.21962e-07
947 1.82957e-07
948 1.45409e-07
949 1.09703e-07
950 7.61581e-08
951 4.50291e-08
952 1.65105e-08
953 -9.2613e-09
954 -3.22033e-08
955 -5.22821e-08
956 -6.95089e-08
957 -8.39349e-08
958 -9.56467e-08
959 -1.04761e-07
960 -1.11419e-07
961 -1.15784e-07
962 -1.18036e-07
963 -1.18364e-07
964 -1.16968e-07
965 -1.14049e-07
966 -1.09813e-07
967 -1.04459e-07
968 -9.8184e-08
969 -9.11768e-08
970 -8.36168e-08
971 -7.56722e-08
972 -6.74991e-08
973 -5.92403e-08
974 -5.10246e-08
975 -4.29664e-08
976 -3.51653e-08
977 -2.77069e-08
978 -2.06622e-08
979 -1.40888e-08
980 -8.03087e-09
981 -2.52053e-09
982 2.42171e-09
983 6.78589e-09
984 1.05716e-08
985 1.3787e-08
986 1.64477e-08
987 1.85758e-08
988 2.01988e-08
989 2.13486e-08
990 2.20607e-08
991 2.23729e-08
992 2.23251e-08
993 2.19578e-08
994 2.13118e-08
995 2.04277e-08
996 1.9345e-08
997 1.81018e-08
998 1.67342e-08
999 1.52763e-08
1000 1.37597e-08
1001 1.22134e-08
1002 1.06633e-08
1003 9.13297e-09
1004 7.6426e-09
1005 6.20972e-09
1006 4.84899e-09
1007 3.57237e-09
1008 2.38919e-09
1009 1.30634e-09
1010 3.28436e-10
1011 -5.41987e-10
1012 -1.3043e-09
1013 -1.95955e-09
1014 -2.51029e-09
1015 -2.96031e-09
1016 -3.3145e-09
1017 -3.57862e-09
1018 -3.75913e-09
1019 -3.86298e-09
1020 -3.8975e-09
1021 -3.8702e-09
1022 -3.78867e-09
1023 -3.66041e-09
1024 -3.49279e-09
1025 -3.29291e-09
1026 -3.06751e-09
1027 -2.82297e-09
1028 -2.56519e-09
1029 -2.29958e-09
1030 -2.03106e-09
1031 -1.76401e-09
1032 -1.50226e-09
1033 -1.24913e-09
1034 -1.00741e-09
1035 -7.79397e-10
1036 -5.66899e-10
1037 -3.71283e-10
1038 -1.93495e-10
1039 -3.41004e-11
1040 1.06684e-10
1041 2.2895e-10
1042 3.33059e-10
1043 4.19609e-10
1044 4.89393e-10
1045 5.43364e-10
1046 5.82606e-10
1047 6.08295e-10
1048 6.21675e-10
1049 6.24029e-10
1050 6.16655e-10
1051 6.00844e-10
1052 5.77859e-10
1053 5.48922e-10
1054 5.15199e-10
1055 4.77788e-10
1056 4.37711e-10
1057 3.95906e-10
1058 3.53225e-10
1059 3.10428e-10
1060 2.68186e-10
1061 2.27077e-10
1062 1.87595e-10
1063 1.50144e-10
1064 1.15049e-10
1065 8.25598e-11
1066 5.2853e-11
1067 2.60415e-11
1068 2.17931e-12
1069 -1.87321e-11
1070 -3.67372e-11
1071 -5.19201e-11
1072 -6.43983e-11
1073 -7.43168e-11
1074 -8.18424e-11
1075 -8.71585e-11
1076 -9.04598e-11
1077 -9.19485e-11
1078 -9.18293e-11
1079 -9.03069e-11
1080 -8.75818e-11
1081 -8.38486e-11
1082 -7.92927e-11
1083 -7.40894e-11
1084 -6.84019e-11
1085 -6.23805e-11
1086 -5.61615e-11
1087 -4.98673e-11
1088 -4.36059e-11
1089 -3.74709e-11
1090 -3.15423e-11
1091 -2.58864e-11
1092 -2.05569e-11
1093 -1.55955e-11
1094 -1.10327e-11
1095 -6.88882e-12
1096 -3.17496e-12
1097 1.05976e-13
1098 2.95834e-12
1099 5.39269e-12
1100 7.42486e-12
1101 9.07501e-12
1102 1.03668e-11
1103 1.13264e-11
1104 1.19819e-11
1105 1.23628e-11
1106 1.24988e-11
1107 1.24199e-11
1108 1.21554e-11
1109 1.1734e-11
1110 1.11829e-11
1111 1.05279e-11
1112 9.79314e-12
1113 9.00086e-12
1114 8.17124e-12
1115 7.32245e-12
1116 6.47055e-12
1117 5.62955e-12
1118 4.81143e-12
1119 4.02622e-12
1120 3.2821e-12
1121 2.58549e-12
1122 1.94122e-12
1123 1.35261e-12
1124 8.21651e-13
1125 3.49142e-13
1126 -6.51716e-14
1127 -4.22447e-13
1128 -7.24611e-13
1129 -9.74222e-13
1130 -1.17435e-12
1131 -1.32844e-12
1132 -1.44024e-12
1133 -1.51367e-12
1134 -1.55274e-12
1135 -1.56148e-12
1136 -1.54388e-12
1137 -1.5038e-12
1138 -1.44496e-12
1139 -1.37086e-12
1140 -1.2848e-12
1141 -1.1898e-12
1142 -1.08864e-12
1143 -9.83797e-13
1144 -8.77494e-13
1145 -7.71657e-13
1146 -6.67949e-13
1147 -5.67767e-13
1148 -4.72259e-13
1149 -3.82341e-13
1150 -2.98708e-13
1151 -2.21858e-13
1152 -1.5211e-13
1153 -8.96192e-14
1154 -3.4402e-14
1155 1.3648e-14
1156 5.47405e-14
1157 8.9171e-14
1158 1.17304e-13
1159 1.39557e-13
1160 1.56387e-13
1161 1.68276e-13
1162 1.75723e-13
1163 1.79229e-13
1164 1.7929e-13
1165 1.7639e-13
1166 1.70996e-13
1167 1.63548e-13
1168 1.5446e-13
1169 1.44116e-13
1170 1.32865e-13
1171 1.21022e-13
1172 1.08868e-13
1173 9.66497e-14
1174 8.45794e-14
1175 7.2837e-14
1176 6.15713e-14
1177 5.09021e-14
1178 4.09221e-14
1179 3.16992e-14
1180 2.3279e-14
1181 1.5687e-14
1182 8.93133e-15
1183 3.00465e-15
1184 -2.11313e-15
1185 -6.45287e-15
1186 -1.00541e-14
1187 -1.29631e-14
1188 -1.52313e-14
1189 -1.69133e-14
1190 -1.8066e-14
1191 -1.87467e-14
1192 -1.90128e-14
1193 -1.89201e-14
1194 -1.85225e-14
1195 -1.78712e-14
1196 -1.70143e-14
1197 -1.59965e-14
1198 -1.48586e-14
1199 -1.36374e-14
