1200
0 0
1 7.53929e-07
2 3.06427e-06
3 6.89072e-06
4 1.20324e-05
5 1.81251e-05
6 2.46507e-05
7 3.09597e-05
8 3.6306e-05
9 3.98942e-05
10 4.09353e-05
11 3.87104e-05
12 3.26365e-05
13 2.23319e-05
14 7.67525e-06
15 -1.11455e-05
16 -3.36e-05
17 -5.88009e-05
18 -8.55131e-05
19 -0.000112187
20 -0.000137016
21 -0.000158025
22 -0.000173173
23 -0.00018048
24 -0.000178167
25 -0.000164797
26 -0.000139415
27 -0.000101677
28 -5.19578e-05
29 8.57914e-06
30 7.79421e-05
31 0.000153325
32 0.000231169
33 0.000307281
34 0.000377002
35 0.000435425
36 0.000477656
37 0.000499106
38 0.000495796
39 0.000464668
40 0.000403875
41 0.000313035
42 0.000193428
43 4.81242e-05
44 -0.000117983
45 -0.000298242
46 -0.000484415
47 -0.000666964
48 -0.000835438
49 -0.000978963
50 -0.0010868
51 -0.00114895
52 -0.00115683
53 -0.00110387
54 -0.0009861
55 -0.000802674
56 -0.000556236
57 -0.000253151
58 9.64536e-05
59 0.000478843
60 0.000877054
61 0.00127149
62 0.00164071
63 0.0019624
64 0.00221455
65 0.00237659
66 0.00243073
67 0.00236314
68 0.00216514
69 0.00183413
70 0.00137436
71 0.000797343
72 0.000121949
73 -0.000625896
74 -0.00141393
75 -0.00220467
76 -0.00295694
77 -0.00362769
78 -0.00417413
79 -0.00455605
80 -0.00473814
81 -0.00469238
82 -0.00440013
83 -0.00385402
84 -0.0030593
85 -0.00203476
86 -0.000812876
87 0.000560623
88 0.00202804
89 0.00352168
90 0.00496654
91 0.00628361
92 0.00739366
93 0.00822144
94 0.00869986
95 0.00877431
96 0.00840647
97 0.00757777
98 0.00629195
99 0.00457676
100 0.00248451
101 9.04315e-05
102 -0.00245567
103 -0.00503626
104 -0.00752488
105 -0.00979198
106 -0.0117112
107 -0.013166
108 -0.0140558
109 -0.0143025
110 -0.0138553
111 -0.0126949
112 -0.0108367
113 -0.00833164
114 -0.00526611
115 -0.00175947
116 0.00203993
117 0.00596046
118 0.00981445
119 0.0134067
120 0.0165437
121 0.0190435
122 0.0207456
123 0.02152
124 0.0212753
125 0.0199659
126 0.0175966
127 0.014225
128 0.00996212
129 0.00496926
130 -0.000546843
131 -0.00634204
132 -0.0121448
133 -0.0176682
134 -0.0226236
135 -0.0267348
136 -0.0297523
137 -0.0314677
138 -0.0317257
139 -0.0304353
140 -0.0275773
141 -0.0232093
142 -0.0174668
143 -0.0105608
144 -0.00277105
145 0.00556425
146 0.0140621
147 0.0223114
148 0.0298922
149 0.0363958
150 0.0414461
151 0.0447193
152 0.0459634
153 0.0450138
154 0.0418063
155 0.036385
156 0.0289059
157 0.0196346
158 0.00893849
159 -0.00272646
160 -0.0148337
161 -0.0268091
162 -0.0380569
163 -0.047988
164 -0.05605
165 -0.0617561
166 -0.0647123
167 -0.0646416
168 -0.0614028
169 -0.0550049
170 -0.0456127
171 -0.0335467
172 -0.0192742
173 -0.00339323
174 0.0133913
175 0.0302973
176 0.0465004
177 0.0611736
178 0.073527
179 0.0828495
180 0.0885469
181 0.0901766
182 0.0874766
183 0.0803864
184 0.0690585
185 0.0538609
186 0.0353679
187 0.0143412
188 -0.00830002
189 -0.0315172
190 -0.0541987
191 -0.0752115
192 -0.0934562
193 -0.107923
194 -0.117744
195 -0.122243
196 -0.120979
197 -0.113772
198 -0.100728
199 -0.0822449
200 -0.0590017
201 -0.0319396
202 -0.0022251
203 0.0287979
204 0.0596673
205 0.0888703
206 0.114915
207 0.136406
208 0.152116
209 0.161051
210 0.162512
211 0.156137
212 0.141937
213 0.120303
214 0.092005
215 0.0581703
216 0.0202381
217 -0.0200978
218 -0.0609626
219 -0.100386
220 -0.136396
221 -0.167114
222 -0.190853
223 -0.206204
224 -0.212117
225 -0.207968
226 -0.193599
227 -0.169346
228 -0.136041
229 -0.0949842
230 -0.0479024
231 0.00312561
232 0.0557567
233 0.107489
234 0.15578
235 0.198168
236 0.232397
237 0.256533
238 0.26907
239 0.269017
240 0.255965
241 0.230124
242 0.192332
243 0.14404
244 0.0872515
245 0.0244517
246 -0.0415057
247 -0.107523
248 -0.170404
249 -0.227004
250 -0.27439
251 -0.309987
252 -0.331712
253 -0.338097
254 -0.328375
255 -0.302538
256 -0.261362
257 -0.20639
258 -0.139881
259 -0.0647186
260 0.0157106
261 0.0976671
262 0.177232
263 0.250492
264 0.313732
265 0.363619
266 0.397377
267 0.412935
268 0.409052
269 0.385394
270 0.342577
271 0.282163
272 0.206607
273 0.119163
274 0.0237424
275 -0.0752538
276 -0.173141
277 -0.26517
278 -0.346757
279 -0.413709
280 -0.462439
281 -0.490156
282 -0.495015
283 -0.476235
284 -0.434162
285 -0.370273
286 -0.287137
287 -0.188313
288 -0.0782001
289 0.0381562
290 0.155295
291 0.267597
292 0.369549
293 0.45602
294 0.522514
295 0.565403
296 0.582121
297 0.571315
298 0.532927
299 0.468235
300 0.379809
301 0.271419
302 0.147872
303 0.014805
304 -0.121577
305 -0.254788
306 -0.378367
307 -0.486199
308 -0.572807
309 -0.63364
310 -0.665301
311 -0.66574
312 -0.634372
313 -0.572137
314 -0.481475
315 -0.366242
316 -0.231541
317 -0.0834999
318 0.0710058
319 0.224676
320 0.370131
321 0.500266
322 0.6086
323 0.689596
324 0.738948
325 0.753806
326 0.732933
327 0.676795
328 0.587558
329 0.469012
330 0.326412
331 0.166243
332 -0.00407553
333 -0.176532
334 -0.342903
335 -0.495148
336 -0.625799
337 -0.728326
338 -0.797467
339 -0.829498
340 -0.822427
341 -0.776119
342 -0.692319
343 -0.57459
344 -0.428168
345 -0.259724
346 -0.0770599
347 0.111253
348 0.296282
349 0.469154
350 0.621488
351 0.745804
352 0.835887
353 0.887105
354 0.896642
355 0.863655
356 0.789331
357 0.676846
358 0.531234
359 0.35916
360 0.16861
361 -0.0314783
362 -0.231638
363 -0.422327
364 -0.594383
365 -0.739467
366 -0.850473
367 -0.921876
368 -0.950005
369 -0.933241
370 -0.872098
371 -0.769219
372 -0.629256
373 -0.458664
374 -0.265399
375 -0.0585425
376 0.152127
377 0.356598
378 0.545109
379 0.708617
380 0.839232
381 0.930605
382 0.978236
383 0.979695
384 0.934753
385 0.845394
386 0.71573
387 0.551811
388 0.361337
389 0.153299
390 -0.0624543
391 -0.275683
392 -0.476249
393 -0.654598
394 -0.802222
395 -0.912067
396 -0.978873
397 -0.999428
398 -0.972724
399 -0.900003
400 -0.784708
401 -0.632307
402 -0.450042
403 -0.246573
404 -0.0315706
405 0.184752
406 0.392127
407 0.580722
408 0.741613
409 0.867208
410 0.951606
411 0.990883
412 0.983271
413 0.929237
414 0.831459
415 0.694694
416 0.525536
417 0.332108
418 0.123658
419 -0.0898798
420 -0.298366
421 -0.491938
422 -0.661484
423 -0.799073
424 -0.898329
425 -0.954729
426 -0.96581
427 -0.931278
428 -0.853007
429 -0.734946
430 -0.58291
431 -0.404298
432 -0.207727
433 -0.00261813
434 0.201265
435 0.39428
436 0.567365
437 0.71247
438 0.822931
439 0.893778
440 0.921964
441 0.90649
442 0.848438
443 0.750907
444 0.618843
445 0.458791
446 0.278567
447 0.0868761
448 -0.107112
449 -0.294204
450 -0.465621
451 -0.613413
452 -0.730832
453 -0.812639
454 -0.855338
455 -0.857326
456 -0.81895
457 -0.742469
458 -0.631922
459 -0.492922
460 -0.332364
461 -0.158088
462 0.0215105
463 0.197884
464 0.362743
465 0.508448
466 0.628364
467 0.717163
468 0.771063
469 0.787987
470 0.767639
471 0.711491
472 0.622694
473 0.505902
474 0.367029
475 0.212949
476 0.0511563
477 -0.110599
478 -0.264686
479 -0.403954
480 -0.522062
481 -0.613774
482 -0.675184
483 -0.703885
484 -0.699057
485 -0.661482
486 -0.59348
487 -0.498771
488 -0.382279
489 -0.249872
490 -0.10807
491 0.0362744
492 0.176313
493 0.305523
494 0.418013
495 0.508791
496 0.573984
497 0.611003
498 0.618641
499 0.597106
500 0.547978
501 0.474116
502 0.37949
503 0.268973
504 0.148093
505 0.0227559
506 -0.101044
507 -0.217508
508 -0.321307
509 -0.40782
510 -0.473345
511 -0.515251
512 -0.532079
513 -0.523589
514 -0.490743
515 -0.435632
516 -0.361355
517 -0.271843
518 -0.17166
519 -0.0657682
520 0.0407153
521 0.142766
522 0.235686
523 0.315322
524 0.378249
525 0.421911
526 0.444728
527 0.446142
528 0.42662
529 0.387606
530 0.331429
531 0.261169
532 0.180494
533 0.0934661
534 0.0043455
535 -0.0826219
536 -0.163403
537 -0.234365
538 -0.292434
539 -0.33523
540 -0.361155
541 -0.369455
542 -0.360227
543 -0.334393
544 -0.293632
545 -0.240282
546 -0.177209
547 -0.107657
548 -0.03508
549 0.037022
550 0.105274
551 0.166582
552 0.21827
553 0.258195
554 0.284835
555 0.297337
556 0.295544
557 0.279976
558 0.25179
559 0.212699
560 0.16488
561 0.110853
562 0.0533511
563 -0.00481315
564 -0.0608867
565 -0.112302
566 -0.156796
567 -0.192502
568 -0.21803
569 -0.232517
570 -0.235647
571 -0.22765
572 -0.209275
573 -0.181733
574 -0.146629
575 -0.105868
576 -0.0615581
577 -0.015902
578 0.0289099
579 0.0708026
580 0.107911
581 0.138662
582 0.161836
583 0.176614
584 0.182603
585 0.179839
586 0.168766
587 0.150208
588 0.125308
589 0.0954687
590 0.0622732
591 0.0274041
592 -0.0074391
593 -0.040622
594 -0.0706494
595 -0.0962316
596 -0.116337
597 -0.130231
598 -0.137502
599 -0.138062
600 -0.132148
601 -0.120289
602 -0.103275
603 -0.0821072
604 -0.0579443
605 -0.0320392
606 -0.00567734
607 0.0198858
608 0.0434829
609 0.0640863
610 0.0808511
611 0.0931479
612 0.100583
613 0.10301
614 0.100521
615 0.0934388
616 0.0822882
617 0.0677636
618 0.0506893
619 0.0319747
620 0.0125679
621 -0.00659081
622 -0.0246131
623 -0.0407026
624 -0.0541883
625 -0.0645511
626 -0.0714415
627 -0.0746891
628 -0.0743025
629 -0.0704612
630 -0.0634995
631 -0.0538835
632 -0.042184
633 -0.0290438
634 -0.0151447
635 -0.00117349
636 0.0122111
637 0.024408
638 0.0348998
639 0.0432732
640 0.0492337
641 0.0526144
642 0.0533776
643 0.0516105
644 0.0475158
645 0.0413958
646 0.0336342
647 0.0246736
648 0.014992
649 0.00507836
650 -0.00459097
651 -0.0135742
652 -0.0214833
653 -0.0279998
654 -0.0328864
655 -0.0359943
656 -0.0372656
657 -0.0367322
658 -0.034509
659 -0.030785
660 -0.0258104
661 -0.0198818
662 -0.0133257
663 -0.00648147
664 0.000314911
665 0.00674703
666 0.0125318
667 0.0174313
668 0.0212613
669 0.0238978
670 0.0252794
671 0.025407
672 0.0243403
673 0.0221926
674 0.0191218
675 0.0153211
676 0.0110076
677 0.00641135
678 0.00176312
679 -0.00271613
680 -0.00682533
681 -0.0103917
682 -0.0132775
683 -0.0153843
684 -0.0166561
685 -0.0170791
686 -0.0166803
687 -0.0155238
688 -0.0137062
689 -0.0113496
690 -0.00859478
691 -0.00559335
692 -0.00250012
693 0.000534521
694 0.00337145
695 0.00588875
696 0.0079865
697 0.00959024
698 0.0106531
699 0.0111563
700 0.0111086
701 0.0105443
702 0.00951986
703 0.00811029
704 0.00640432
705 0.00449949
706 0.00249695
707 0.00049651
708 -0.00140802
709 -0.00313291
710 -0.0046079
711 -0.00577869
712 -0.00660858
713 -0.00707914
714 -0.00719001
715 -0.00695778
716 -0.00641425
717 -0.00560394
718 -0.00458123
719 -0.00340721
720 -0.00214635
721 -0.000863227
722 0.000380495
723 0.00152884
724 0.00253381
725 0.00335716
726 0.00397159
727 0.00436138
728 0.00452239
729 0.00446152
730 0.00419572
731 0.00375052
732 0.0031583
733 0.00245629
734 0.00168453
735 0.000883789
736 9.35672e-05
737 -0.000649677
738 -0.00131406
739 -0.0018735
740 -0.00230854
741 -0.0026069
742 -0.00276352
743 -0.00278038
744 -0.00266593
745 -0.00243424
746 -0.002104
747 -0.00169731
748 -0.00123838
749 -0.000752309
750 -0.00026377
751 0.000204096
752 0.000630684
753 0.000998728
754 0.0012949
755 0.00151015
756 0.0016399
757 0.0016839
758 0.00164596
759 0.00153352
760 0.001357
761 0.00112916
762 0.000864262
763 0.000577362
764 0.000283491
765 -3.0338e-06
766 -0.000269245
767 -0.000504045
768 -0.000698598
769 -0.000846595
770 -0.000944371
771 -0.000990894
772 -0.000987627
773 -0.000938283
774 -0.000848486
775 -0.00072537
776 -0.00057713
777 -0.000412561
778 -0.000240593
779 -6.98606e-05
780 9.16854e-05
781 0.000237108
782 0.000360737
783 0.000458347
784 0.000527254
785 0.000566327
786 0.000575929
787 0.00055779
788 0.000514825
789 0.000450905
790 0.000370605
791 0.000278935
792 0.000181066
793 8.20771e-05
794 -1.32825e-05
795 -0.000100793
796 -0.000176923
797 -0.000238949
798 -0.000285019
799 -0.000314179
800 -0.000326347
801 -0.000322252
802 -0.000303335
803 -0.000271631
804 -0.000229621
805 -0.000180085
806 -0.000125942
807 -7.01036e-05
808 -1.53364e-05
809 3.58599e-05
810 8.13498e-05
811 0.000119435
812 0.000148901
813 0.000169037
814 0.000179631
815 0.000180938
816 0.000173634
817 0.000158749
818 0.00013759
819 0.000111658
820 8.256e-05
821 5.19231e-05
822 2.13179e-05
823 -7.81294e-06
824 -3.42132e-05
825 -5.68574e-05
826 -7.49813e-05
827 -8.80969e-05
828 -9.59935e-05
829 -9.87249e-05
830 -9.65855e-05
831 -9.00764e-05
832 -7.9865e-05
833 -6.67393e-05
834 -5.15606e-05
835 -3.52164e-05
836 -1.85758e-05
837 -2.4502e-06
838 1.24413e-05
839 2.54979e-05
840 3.6256e-05
841 4.44002e-05
842 4.97653e-05
843 5.2332e-05
844 5.22155e-05
845 4.96487e-05
846 4.49609e-05
847 3.85544e-05
848 3.08788e-05
849 2.24055e-05
850 1.36039e-05
851 4.91853e-06
852 -3.2496e-06
853 -1.05585e-05
854 -1.67365e-05
855 -2.1589e-05
856 -2.50013e-05
857 -2.69369e-05
858 -2.7433e-05
859 -2.65915e-05
860 -2.45694e-05
861 -2.15658e-05
862 -1.78091e-05
863 -1.35437e-05
864 -9.01633e-06
865 -4.46465e-06
866 -1.06459e-07
867 3.86893e-06
868 7.30718e-06
869 1.00932e-05
870 1.21532e-05
871 1.34545e-05
872 1.40034e-05
873 1.38415e-05
874 1.30404e-05
875 1.16957e-05
876 9.92032e-06
877 7.83747e-06
878 5.5738e-06
879 3.25312e-06
880 9.90694e-07
881 -1.11146e-06
882 -2.96828e-06
883 -4.51413e-06
884 -5.70421e-06
885 -6.51478e-06
886 -6.94235e-06
887 -7.002e-06
888 -6.72494e-06
889 -6.15554e-06
890 -5.348e-06
891 -4.36283e-06
892 -3.26337e-06
893 -2.11253e-06
894 -9.69772e-07
895 1.11378e-07
896 1.08535e-06
897 1.91596e-06
898 2.57728e-06
899 3.05387e-06
900 3.34058e-06
901 3.44181e-06
902 3.37038e-06
903 3.14612e-06
904 2.79429e-06
905 2.34381e-06
906 1.82556e-06
907 1.27067e-06
908 7.09078e-07
909 1.68131e-07
910 -3.28428e-07
911 -7.61266e-07
912 -1.11596e-06
913 -1.38322e-06
914 -1.55882e-06
915 -1.64334e-06
916 -1.64164e-06
917 -1.56223e-06
918 -1.41652e-06
919 -1.21793e-06
920 -9.81128e-07
921 -7.21157e-07
922 -4.52684e-07
923 -1.89338e-07
924 5.68411e-08
925 2.75828e-07
926 4.59891e-07
927 6.03734e-07
928 7.04516e-07
929 7.61734e-07
930 7.77022e-07
931 7.53858e-07
932 6.97208e-07
933 6.13146e-07
934 5.08444e-07
935 3.90181e-07
936 2.65372e-07
937 1.40633e-07
938 2.19112e-08
939 -8.57417e-08
940 -1.78316e-07
941 -2.52931e-07
942 -3.07864e-07
943 -3.42506e-07
944 -3.57288e-07
945 -3.53544e-07
946 -3.33362e-07
947 -2.994e-07
948 -2.54706e-07
949 -2.02526e-07
950 -1.46129e-07
951 -8.86486e-08
952 -3.29439e-08
953 1.85074e-08
954 6.369e-08
955 1.011e-07
956 1.29762e-07
957 1.49224e-07
958 1.59523e-07
959 1.6113e-07
960 1.54887e-07
961 1.41921e-07
962 1.23564e-07
963 1.01266e-07
964 7.65126e-08
965 5.07503e-08
966 2.53197e-08
967 1.40283e-09
968 -2.00169e-08
969 -3.81813e-08
970 -5.25694e-08
971 -6.2898e-08
972 -6.9109e-08
973 -7.1349e-08
974 -6.99392e-08
975 -6.53421e-08
976 -5.81234e-08
977 -4.89135e-08
978 -3.83704e-08
979 -2.71448e-08
980 -1.58495e-08
981 -5.03374e-09
982 4.83612e-09
983 1.33903e-08
984 2.03627e-08
985 2.55928e-08
986 2.90213e-08
987 3.06825e-08
988 3.06919e-08
989 2.92317e-08
990 2.6535e-08
991 2.28686e-08
992 1.85162e-08
993 1.37635e-08
994 8.88334e-09
995 4.12445e-09
996 -2.98044e-10
997 -4.20931e-09
998 -7.47874e-09
999 -1.00213e-08
1000 -1.17966e-08
1001 -1.28059e-08
1002 -1.30871e-08
1003 -1.2709e-08
1004 -1.17646e-08
1005 -1.03635e-08
1006 -8.62518e-09
1007 -6.67155e-09
1008 -4.62124e-09
1009 -2.58398e-09
1010 -6.5636e-10
1011 1.08137e-09
1012 2.56731e-09
1013 3.75883e-09
1014 4.63241e-09
1015 5.18261e-09
1016 5.42025e-09
1017 5.37001e-09
1018 5.06766e-09
1019 4.55699e-09
1020 3.88683e-09
1021 3.10803e-09
1022 2.27081e-09
1023 1.42237e-09
1024 6.04936e-10
1025 -1.45678e-10
1026 -8.01086e-10
1027 -1.34084e-09
1028 -1.75247e-09
1029 -2.03121e-09
1030 -2.17925e-09
1031 -2.20489e-09
1032 -2.12137e-09
1033 -1.94564e-09
1034 -1.69713e-09
1035 -1.39649e-09
1036 -1.06445e-09
1037 -7.20795e-10
1038 -3.83525e-10
1039 -6.81793e-11
1040 2.1262e-10
1041 4.49435e-10
1042 6.36091e-10
1043 7.69588e-10
1044 8.49867e-10
1045 8.79459e-10
1046 8.6305e-10
1047 8.06997e-10
1048 7.18811e-10
1049 6.06658e-10
1050 4.78878e-10
1051 3.43561e-10
1052 2.08176e-10
1053 7.92919e-11
1054 -3.76423e-11
1055 -1.38421e-10
1056 -2.2014e-10
1057 -2.81175e-10
1058 -3.21107e-10
1059 -3.40597e-10
1060 -3.41217e-10
1061 -3.25264e-10
1062 -2.95559e-10
1063 -2.55246e-10
1064 -2.07593e-10
1065 -1.55824e-10
1066 -1.02963e-10
1067 -5.17116e-11
1068 -4.35837e-12
1069 3.72839e-11
1070 7.1906e-11
1071 9.87045e-11
1072 1.17357e-10
1073 1.2798e-10
1074 1.31065e-10
1075 1.27411e-10
1076 1.18044e-10
1077 1.04141e-10
1078 8.69497e-11
1079 6.77229e-11
1080 4.76538e-11
1081 2.78254e-11
1082 9.17218e-12
1083 -7.54765e-12
1084 -2.17665e-11
1085 -3.3111e-11
1086 -4.13959e-11
1087 -4.66091e-11
1088 -4.889e-11
1089 -4.85035e-11
1090 -4.5811e-11
1091 -4.12401e-11
1092 -3.52555e-11
1093 -2.83313e-11
1094 -2.09262e-11
1095 -1.34636e-11
1096 -6.3149e-12
1097 2.1195e-13
1098 5.87922e-12
1099 1.05221e-11
1100 1.40473e-11
1101 1.64285e-11
1102 1.76986e-11
1103 1.79409e-11
1104 1.7278e-11
1105 1.58608e-11
1106 1.38576e-11
1107 1.14432e-11
1108 8.78971e-12
1109 6.05826e-12
1110 3.39269e-12
1111 9.14617e-13
1112 -1.27957e-12
1113 -3.12014e-12
1114 -4.56394e-12
1115 -5.59301e-12
1116 -6.21211e-12
1117 -6.4455e-12
1118 -6.33317e-12
1119 -5.92676e-12
1120 -5.28544e-12
1121 -4.47207e-12
1122 -3.54953e-12
1123 -2.57766e-12
1124 -1.61071e-12
1125 -6.95416e-13
1126 1.30322e-13
1127 8.3809e-13
1128 1.40911e-12
1129 1.83386e-12
1130 2.1113e-12
1131 2.24779e-12
1132 2.25575e-12
1133 2.15225e-12
1134 1.95753e-12
1135 1.69359e-12
1136 1.38282e-12
1137 1.04687e-12
1138 7.05702e-13
1139 3.76781e-13
1140 7.45932e-14
1141 -1.89678e-13
1142 -4.08252e-13
1143 -5.7667e-13
1144 -6.9356e-13
1145 -7.60279e-13
1146 -7.80475e-13
1147 -7.59587e-13
1148 -7.04331e-13
1149 -6.22189e-13
1150 -5.20938e-13
1151 -4.08218e-13
1152 -2.91176e-13
1153 -1.76178e-13
1154 -6.86041e-14
1155 2.72815e-14
1156 1.08388e-13
1157 1.72787e-13
1158 2.19645e-13
1159 2.49113e-13
1160 2.62182e-13
1161 2.60514e-13
1162 2.46267e-13
1163 2.21917e-13
1164 1.90094e-13
1165 1.53424e-13
1166 1.14404e-13
1167 7.52935e-14
1168 3.80373e-14
1169 4.21238e-15
1170 -2.49981e-14
1171 -4.88078e-14
1172 -6.68096e-14
1173 -7.89428e-14
1174 -8.5446e-14
1175 -8.68032e-14
1176 -8.36844e-14
1177 -7.68858e-14
1178 -6.72723e-14
1179 -5.57243e-14
1180 -4.30919e-14
1181 -3.01568e-14
1182 -1.76032e-14
1183 -5.99781e-15
1184 4.2216e-15
1185 1.27493e-14
1186 1.9408e-14
1187 2.41389e-14
1188 2.69874e-14
1189 2.80863e-14
1190 2.76358e-14
1191 2.58841e-14
1192 2.31082e-14
1193 1.95955e-14
1194 1.56282e-14
1195 1.14698e-14
1196 7.35474e-15
1197 3.48113e-15
1198 5.84901e-18
1199 -2.95706e-15
