1200
0 0
1 7.53631e-07
2 3.06186e-06
3 6.8826e-06
4 1.20135e-05
5 1.80897e-05
6 2.45931e-05
7 3.08755e-05
8 3.61935e-05
9 3.97554e-05
10 4.07775e-05
11 3.85467e-05
12 3.24863e-05
13 2.22209e-05
14 7.63428e-06
15 -1.10819e-05
16 -3.33961e-05
17 -5.8423e-05
18 -8.49328e-05
19 -0.000111385
20 -0.000135988
21 -0.000156784
22 -0.000171752
23 -0.000178937
24 -0.000176582
25 -0.000163274
26 -0.000138079
27 -0.000100668
28 -5.14245e-05
29 8.4882e-06
30 7.70899e-05
31 0.000151597
32 0.000228488
33 0.000303617
34 0.000372384
35 0.000429949
36 0.000471496
37 0.000492509
38 0.000489085
39 0.000458232
40 0.000398155
41 0.000308503
42 0.000190568
43 4.73979e-05
44 -0.000116166
45 -0.000293559
46 -0.000476662
47 -0.00065609
48 -0.00082157
49 -0.000962422
50 -0.00106812
51 -0.00112887
52 -0.00113628
53 -0.00108394
54 -0.000968012
55 -0.000787723
56 -0.000545719
57 -0.000248293
58 9.45762e-05
59 0.000469391
60 0.000859502
61 0.0012457
62 0.00160698
63 0.00192155
64 0.00216786
65 0.00232585
66 0.0023782
67 0.00231146
68 0.00211723
69 0.00179308
70 0.00134325
71 0.000779094
72 0.000119128
73 -0.00061126
74 -0.00138052
75 -0.00215204
76 -0.00288564
77 -0.00353935
78 -0.00407149
79 -0.00444294
80 -0.00461941
81 -0.00457371
82 -0.00428784
83 -0.00375479
84 -0.00297984
85 -0.00198145
86 -0.000791402
87 0.00054569
88 0.00197358
89 0.00342635
90 0.00483103
91 0.00611083
92 0.00718882
93 0.00799195
94 0.00845523
95 0.00852579
96 0.00816667
97 0.00736009
98 0.00610996
99 0.00444349
100 0.00241168
101 8.77633e-05
102 -0.00238275
103 -0.00488575
104 -0.0072986
105 -0.00949572
106 -0.0113548
107 -0.0127629
108 -0.0136229
109 -0.0138595
110 -0.0134237
111 -0.0122973
112 -0.0104954
113 -0.00806785
114 -0.00509851
115 -0.00170318
116 0.00197434
117 0.00576784
118 0.00949571
119 0.0129692
120 0.0160012
121 0.0184162
122 0.0200591
123 0.0208046
124 0.0205649
125 0.0192963
126 0.0170039
127 0.0137439
128 0.00962379
129 0.00479982
130 -0.000528122
131 -0.00612406
132 -0.0117258
133 -0.0170563
134 -0.0218372
135 -0.0258021
136 -0.0287106
137 -0.0303621
138 -0.0306072
139 -0.0293587
140 -0.0265986
141 -0.0223829
142 -0.0168429
143 -0.0101824
144 -0.00267146
145 0.00536368
146 0.0135537
147 0.0215025
148 0.0288054
149 0.035069
150 0.0399311
151 0.0430804
152 0.0442745
153 0.0433557
154 0.0402625
155 0.0350382
156 0.0278335
157 0.0189045
158 0.00860538
159 -0.00262463
160 -0.0142786
161 -0.0258037
162 -0.0366267
163 -0.0461811
164 -0.0539357
165 -0.0594222
166 -0.0622624
167 -0.06219
168 -0.0590703
169 -0.052912
170 -0.0438744
171 -0.0322663
172 -0.0185375
173 -0.00326335
174 0.012878
175 0.0291345
176 0.0447135
177 0.05882
178 0.0706949
179 0.0796548
180 0.0851288
181 0.0866921
182 0.0840933
183 0.0772744
184 0.0663828
185 0.0517723
186 0.0339954
187 0.0137843
188 -0.00797749
189 -0.0302917
190 -0.0520901
191 -0.0722839
192 -0.0898168
193 -0.103718
194 -0.113155
195 -0.117477
196 -0.116261
197 -0.109334
198 -0.0967987
199 -0.0790361
200 -0.0566996
201 -0.0306933
202 -0.00213828
203 0.0276743
204 0.0573397
205 0.085404
206 0.110434
207 0.131089
208 0.146187
209 0.154776
210 0.156183
211 0.15006
212 0.136415
213 0.115625
214 0.0884297
215 0.0559113
216 0.0194527
217 -0.0193185
218 -0.0586005
219 -0.0964999
220 -0.131121
221 -0.160657
222 -0.183486
223 -0.198252
224 -0.203947
225 -0.199967
226 -0.186159
227 -0.162847
228 -0.130826
229 -0.0913486
230 -0.0460715
231 0.00300632
232 0.0536319
233 0.103399
234 0.149862
235 0.190652
236 0.223598
237 0.246838
238 0.25892
239 0.258889
240 0.246347
241 0.221493
242 0.185134
243 0.13866
244 0.084
245 0.0235425
246 -0.0399658
247 -0.103543
248 -0.164111
249 -0.218643
250 -0.264309
251 -0.298626
252 -0.319587
253 -0.325771
254 -0.316437
255 -0.29157
256 -0.251914
257 -0.198951
258 -0.134854
259 -0.0623998
260 0.0151494
261 0.0941897
262 0.170942
263 0.241632
264 0.302672
265 0.350844
266 0.383464
267 0.39853
268 0.394834
269 0.372048
270 0.330758
271 0.272466
272 0.199534
273 0.1151
274 0.0229361
275 -0.0727087
276 -0.16731
277 -0.256278
278 -0.335179
279 -0.399957
280 -0.447136
281 -0.47401
282 -0.478785
283 -0.460695
284 -0.420063
285 -0.358307
286 -0.277904
287 -0.182288
288 -0.0757113
289 0.0369482
290 0.150405
291 0.259216
292 0.358039
293 0.441896
294 0.506423
295 0.548092
296 0.564404
297 0.55403
298 0.516903
299 0.454243
300 0.368531
301 0.263411
302 0.143538
303 0.0143739
304 -0.118061
305 -0.247469
306 -0.367575
307 -0.472429
308 -0.556701
309 -0.615954
310 -0.646869
311 -0.647436
312 -0.617065
313 -0.55665
314 -0.468546
315 -0.356487
316 -0.225424
317 -0.0813127
318 0.0691617
319 0.218892
320 0.360687
321 0.487616
322 0.59335
323 0.672478
324 0.720779
325 0.735451
326 0.715262
327 0.66064
328 0.573676
329 0.458046
330 0.318861
331 0.162438
332 -0.00398329
333 -0.172581
334 -0.335316
335 -0.484321
336 -0.612277
337 -0.712779
338 -0.780654
339 -0.812229
340 -0.805526
341 -0.760379
342 -0.678465
343 -0.56325
344 -0.419835
345 -0.254741
346 -0.0756031
347 0.109181
348 0.290848
349 0.460683
350 0.610446
351 0.732768
352 0.821521
353 0.872119
354 0.88176
355 0.849578
356 0.776701
357 0.66622
358 0.523056
359 0.35374
360 0.166117
361 -0.0310227
362 -0.228358
363 -0.416479
364 -0.58634
365 -0.729696
366 -0.839508
367 -0.910286
368 -0.93837
369 -0.922116
370 -0.861988
371 -0.760555
372 -0.622377
373 -0.453804
374 -0.262676
375 -0.0579616
376 0.150669
377 0.353303
378 0.540261
379 0.70256
380 0.832352
381 0.923302
382 0.970904
383 0.9727
384 0.928413
385 0.839964
386 0.711391
387 0.548666
388 0.35941
389 0.152538
390 -0.0621672
391 -0.274519
392 -0.474415
393 -0.652323
394 -0.799738
395 -0.909589
396 -0.976588
397 -0.99748
398 -0.971203
399 -0.898946
400 -0.784093
401 -0.63206
402 -0.450044
403 -0.246672
404 -0.0315959
405 0.184974
406 0.392756
407 0.58189
408 0.743407
409 0.869661
410 0.95469
411 0.994505
412 0.987274
413 0.933409
414 0.835542
415 0.698399
416 0.528563
417 0.334162
418 0.124476
419 -0.0905131
420 -0.300597
421 -0.495832
422 -0.66701
423 -0.8061
424 -0.906627
425 -0.963972
426 -0.975592
427 -0.941128
428 -0.862414
429 -0.743384
430 -0.589868
431 -0.409309
432 -0.210398
433 -0.00265299
434 0.204039
435 0.399898
436 0.575715
437 0.723291
438 0.835818
439 0.9082
440 0.937281
441 0.921984
442 0.86335
443 0.764468
444 0.630321
445 0.467524
446 0.284006
447 0.0886153
448 -0.10931
449 -0.300386
450 -0.475638
451 -0.626918
452 -0.747291
453 -0.831351
454 -0.875469
455 -0.877942
456 -0.839064
457 -0.761088
458 -0.648096
459 -0.505795
460 -0.341218
461 -0.162382
462 0.0221062
463 0.203468
464 0.373173
465 0.523339
466 0.647103
467 0.738937
468 0.794891
469 0.812767
470 0.792197
471 0.734643
472 0.6433
473 0.522923
474 0.379581
475 0.22035
476 0.052963
477 -0.114567
478 -0.274332
479 -0.418904
480 -0.541681
481 -0.637191
482 -0.701331
483 -0.731549
484 -0.726936
485 -0.688247
486 -0.617839
487 -0.519535
488 -0.398418
489 -0.260568
490 -0.112761
491 0.0378704
492 0.184176
493 0.319332
494 0.437157
495 0.5324
496 0.600967
497 0.640099
498 0.64848
499 0.626272
500 0.575083
501 0.497861
502 0.398732
503 0.282779
504 0.155788
505 0.0239526
506 -0.106421
507 -0.229221
508 -0.338814
509 -0.430302
510 -0.499743
511 -0.544318
512 -0.562439
513 -0.553805
514 -0.519383
515 -0.461341
516 -0.382917
517 -0.288243
518 -0.18213
519 -0.0698231
520 0.0432528
521 0.151759
522 0.25069
523 0.335609
524 0.40284
525 0.449627
526 0.474246
527 0.476059
528 0.455521
529 0.414131
530 0.354339
531 0.279404
532 0.193221
533 0.100122
534 0.00465802
535 -0.0886221
536 -0.175386
537 -0.251717
538 -0.314294
539 -0.360529
540 -0.38867
541 -0.397868
542 -0.388191
543 -0.360593
544 -0.316852
545 -0.259459
546 -0.191483
547 -0.116407
548 -0.0379572
549 0.040086
550 0.114065
551 0.180617
552 0.236823
553 0.280336
554 0.309475
555 0.323283
556 0.321558
557 0.304834
558 0.274338
559 0.231909
560 0.179899
561 0.121036
562 0.0582934
563 -0.00526278
564 -0.066622
565 -0.122969
566 -0.171812
567 -0.211089
568 -0.239256
569 -0.255337
570 -0.258962
571 -0.250356
572 -0.230317
573 -0.200152
574 -0.161609
575 -0.11677
576 -0.067947
577 -0.0175654
578 0.0319576
579 0.078325
580 0.119465
581 0.153623
582 0.179432
583 0.195964
584 0.202763
585 0.199844
586 0.187682
587 0.16717
588 0.139565
589 0.106412
590 0.0694644
591 0.0305922
592 -0.00831093
593 -0.0454177
594 -0.0790512
595 -0.107759
596 -0.130374
597 -0.146059
598 -0.154333
599 -0.155084
600 -0.148557
601 -0.135332
602 -0.116282
603 -0.0925214
604 -0.0653456
605 -0.0361604
606 -0.00641272
607 0.0224796
608 0.0491938
609 0.0725614
610 0.0916171
611 0.105636
612 0.114161
613 0.11701
614 0.114276
615 0.106311
616 0.0937007
617 0.077225
618 0.0578141
619 0.036499
620 0.014358
621 -0.00753583
622 -0.0281656
623 -0.046616
624 -0.0621126
625 -0.0740526
626 -0.0820258
627 -0.0858264
628 -0.085454
629 -0.0811045
630 -0.0731529
631 -0.0621277
632 -0.0486794
633 -0.0335443
634 -0.0175064
635 -0.00135765
636 0.0141395
637 0.0282869
638 0.0404808
639 0.0502365
640 0.0572055
641 0.0611866
642 0.062128
643 0.0601235
644 0.0554016
645 0.0483081
646 0.0392849
647 0.0288442
648 0.0175415
649 0.00594722
650 -0.0053812
651 -0.0159248
652 -0.0252259
653 -0.0329069
654 -0.0386843
655 -0.0423779
656 -0.0439141
657 -0.0433243
658 -0.0407388
659 -0.0363753
660 -0.030525
661 -0.0235347
662 -0.0157883
663 -0.00768626
664 0.000373788
665 0.00801581
666 0.0149021
667 0.0207472
668 0.0253291
669 0.0284963
670 0.0301716
671 0.0303518
672 0.0291046
673 0.0265612
674 0.0229072
675 0.0183712
676 0.0132114
677 0.00770212
678 0.00212007
679 -0.0032691
680 -0.00822263
681 -0.012531
682 -0.0160259
683 -0.0185865
684 -0.0201422
685 -0.0206734
686 -0.0202099
687 -0.0188268
688 -0.0166384
689 -0.0137909
690 -0.0104535
691 -0.00680956
692 -0.00304669
693 0.000652007
694 0.00411648
695 0.00719705
696 0.00977037
697 0.0117438
698 0.0130581
699 0.0136883
700 0.0136432
701 0.0129629
702 0.011715
703 0.00999026
704 0.00789667
705 0.00555347
706 0.00308491
707 0.000614036
708 -0.00174304
709 -0.00388223
710 -0.00571573
711 -0.0071752
712 -0.00821391
713 -0.00880765
714 -0.00895462
715 -0.00867417
716 -0.00800467
717 -0.00700055
718 -0.00572879
719 -0.00426504
720 -0.00268947
721 -0.00108277
722 0.000477756
723 0.00192161
724 0.00318805
725 0.00422835
726 0.0050074
727 0.00550454
728 0.00571368
729 0.00564264
730 0.005312
731 0.00475331
732 0.00400693
733 0.00311955
734 0.00214165
735 0.0011248
736 0.000119208
737 -0.000828588
738 -0.00167771
739 -0.00239449
740 -0.00295365
741 -0.00333893
742 -0.0035433
743 -0.00356873
744 -0.00342548
745 -0.00313114
746 -0.00270926
747 -0.00218792
748 -0.00159806
749 -0.000971859
750 -0.000341116
751 0.00026423
752 0.00081739
753 0.0012958
754 0.00168189
755 0.00196362
756 0.00213466
757 0.00219433
758 0.00214725
759 0.00200276
760 0.00177418
761 0.00147792
762 0.00113246
763 0.000757363
764 0.000372286
765 -3.98847e-06
766 -0.000354365
767 -0.000664134
768 -0.000921507
769 -0.00111798
770 -0.00124849
771 -0.00131147
772 -0.00130861
773 -0.00124463
774 -0.00112679
775 -0.00096438
776 -0.000768164
777 -0.000549744
778 -0.000320958
779 -9.33024e-05
780 0.00012259
781 0.000317393
782 0.000483435
783 0.000614951
784 0.000708214
785 0.000761572
786 0.000775376
787 0.000751823
788 0.000694714
789 0.000609164
790 0.000501261
791 0.000377711
792 0.000245471
793 0.000111401
794 -1.80492e-05
795 -0.000137124
796 -0.000240978
797 -0.000325842
798 -0.000389122
799 -0.000429439
800 -0.000446597
801 -0.000441513
802 -0.000416088
803 -0.000373041
804 -0.000315722
805 -0.000247906
806 -0.000173579
807 -9.67353e-05
808 -2.11879e-05
809 4.96013e-05
810 0.000112658
811 0.000165599
812 0.000206703
813 0.000234939
814 0.000249964
815 0.000252087
816 0.000242204
817 0.000221709
818 0.000192393
819 0.000156322
820 0.000115725
821 7.28701e-05
822 2.99547e-05
823 -1.09917e-05
824 -4.81923e-05
825 -8.01871e-05
826 -0.000105878
827 -0.000124551
828 -0.000135883
829 -0.000139922
830 -0.00013706
831 -0.000127982
832 -0.000113614
833 -9.50603e-05
834 -7.35321e-05
835 -5.02858e-05
836 -2.65578e-05
837 -3.50743e-06
838 1.78319e-05
839 3.65916e-05
840 5.2096e-05
841 6.38787e-05
842 7.16879e-05
843 7.54806e-05
844 7.54081e-05
845 7.17921e-05
846 6.50962e-05
847 5.58916e-05
848 4.48214e-05
849 3.25638e-05
850 1.9797e-05
851 7.16682e-06
852 -4.74107e-06
853 -1.54244e-05
854 -2.44809e-05
855 -3.16195e-05
856 -3.66644e-05
857 -3.95541e-05
858 -4.03346e-05
859 -3.91481e-05
860 -3.62181e-05
861 -3.18318e-05
862 -2.63211e-05
863 -2.00431e-05
864 -1.33605e-05
865 -6.62445e-06
866 -1.58167e-07
867 5.7556e-06
868 1.08848e-05
869 1.50547e-05
870 1.81512e-05
871 2.01212e-05
872 2.09698e-05
873 2.07547e-05
874 1.95794e-05
875 1.75838e-05
876 1.49345e-05
877 1.18146e-05
878 8.41342e-06
879 4.917e-06
880 1.49941e-06
881 -1.68445e-06
882 -4.50453e-06
883 -6.85965e-06
884 -8.67976e-06
885 -9.92652e-06
886 -1.05923e-05
887 -1.06977e-05
888 -1.02883e-05
889 -9.42999e-06
890 -8.204e-06
891 -6.70182e-06
892 -5.01975e-06
893 -3.25395e-06
894 -1.49579e-06
895 1.72026e-07
896 1.67864e-06
897 2.96736e-06
898 3.99705e-06
899 4.7427e-06
900 5.19512e-06
901 5.35993e-06
902 5.25593e-06
903 4.91301e-06
904 4.36963e-06
905 3.67027e-06
906 2.86268e-06
907 1.99533e-06
908 1.11501e-06
909 2.64751e-07
910 -5.17891e-07
911 -1.2021e-06
912 -1.76466e-06
913 -2.19034e-06
914 -2.47188e-06
915 -2.60957e-06
916 -2.61055e-06
917 -2.48778e-06
918 -2.25892e-06
919 -1.94498e-06
920 -1.56904e-06
921 -1.15492e-06
922 -7.25997e-07
923 -3.04086e-07
924 9.14194e-08
925 4.44256e-07
926 7.4177e-07
927 9.75173e-07
928 1.13959e-06
929 1.23391e-06
930 1.26048e-06
931 1.22466e-06
932 1.13427e-06
933 9.98947e-07
934 8.29561e-07
935 6.37528e-07
936 4.34226e-07
937 2.30452e-07
938 3.59573e-08
939 -1.40911e-07
940 -2.93477e-07
941 -4.16888e-07
942 -5.0817e-07
943 -5.66179e-07
944 -5.91478e-07
945 -5.86139e-07
946 -5.5349e-07
947 -4.97834e-07
948 -4.24141e-07
949 -3.37747e-07
950 -2.44055e-07
951 -1.48274e-07
952 -5.51836e-08
953 3.10473e-08
954 1.07002e-07
955 1.70104e-07
956 2.18654e-07
957 2.51824e-07
958 2.69605e-07
959 2.72729e-07
960 2.62554e-07
961 2.40934e-07
962 2.10085e-07
963 1.72432e-07
964 1.30479e-07
965 8.66763e-08
966 4.33086e-08
967 2.40312e-09
968 -3.43419e-08
969 -6.56045e-08
970 -9.04637e-08
971 -1.08402e-07
972 -1.19287e-07
973 -1.23341e-07
974 -1.21088e-07
975 -1.13301e-07
976 -1.00938e-07
977 -8.5074e-08
978 -6.68389e-08
979 -4.73571e-08
980 -2.76936e-08
981 -8.80892e-09
982 8.4761e-09
983 2.35048e-08
984 3.57992e-08
985 4.50635e-08
986 5.11796e-08
987 5.4193e-08
988 5.42936e-08
989 5.17909e-08
990 4.70861e-08
991 4.06432e-08
992 3.29593e-08
993 2.45376e-08
994 1.5862e-08
995 7.37609e-09
996 -5.33852e-10
997 -7.55147e-09
998 -1.34379e-08
999 -1.80347e-08
1000 -2.12631e-08
1001 -2.31186e-08
1002 -2.36635e-08
1003 -2.30162e-08
1004 -2.13396e-08
1005 -1.88281e-08
1006 -1.56947e-08
1007 -1.21591e-08
1008 -8.43576e-09
1009 -4.72439e-09
1010 -1.20196e-09
1011 1.98342e-09
1012 4.71643e-09
1013 6.91642e-09
1014 8.5375e-09
1015 9.56684e-09
1016 1.00216e-08
1017 9.94467e-09
1018 9.39985e-09
1019 8.46626e-09
1020 7.23284e-09
1021 5.79296e-09
1022 4.23934e-09
1023 2.6597e-09
1024 1.13301e-09
1025 -2.73289e-10
1026 -1.50527e-09
1027 -2.52357e-09
1028 -3.30369e-09
1029 -3.8354e-09
1030 -4.12167e-09
1031 -4.17698e-09
1032 -4.02533e-09
1033 -3.69793e-09
1034 -3.2309e-09
1035 -2.66293e-09
1036 -2.03311e-09
1037 -1.379e-09
1038 -7.34957e-10
1039 -1.30869e-10
1040 4.08796e-10
1041 8.6554e-10
1042 1.22704e-09
1043 1.48702e-09
1044 1.64487e-09
1045 1.70498e-09
1046 1.67595e-09
1047 1.56971e-09
1048 1.40051e-09
1049 1.18397e-09
1050 9.36159e-10
1051 6.72752e-10
1052 4.08329e-10
1053 1.55789e-10
1054 -7.40821e-11
1055 -2.7288e-10
1056 -4.34708e-10
1057 -5.5617e-10
1058 -6.3623e-10
1059 -6.75987e-10
1060 -6.78363e-10
1061 -6.47744e-10
1062 -5.89588e-10
1063 -5.10035e-10
1064 -4.1552e-10
1065 -3.12429e-10
1066 -2.06794e-10
1067 -1.04037e-10
1068 -8.78343e-12
1069 7.52668e-11
1070 1.45409e-10
1071 1.99943e-10
1072 2.38136e-10
1073 2.60138e-10
1074 2.66867e-10
1075 2.59874e-10
1076 2.41184e-10
1077 2.13144e-10
1078 1.78267e-10
1079 1.39088e-10
1080 9.80398e-11
1081 5.73456e-11
1082 1.89358e-11
1083 -1.56091e-11
1084 -4.50929e-11
1085 -6.87146e-11
1086 -8.6058e-11
1087 -9.7065e-11
1088 -1.01993e-10
1089 -1.01364e-10
1090 -9.59046e-11
1091 -8.6487e-11
1092 -7.40663e-11
1093 -5.96241e-11
1094 -4.41175e-11
1095 -2.84346e-11
1096 -1.33603e-11
1097 4.49209e-13
1098 1.24825e-11
1099 2.23797e-11
1100 2.99305e-11
1101 3.50661e-11
1102 3.78443e-11
1103 3.84305e-11
1104 3.70764e-11
1105 3.4096e-11
1106 2.98428e-11
1107 2.46874e-11
1108 1.89966e-11
1109 1.31168e-11
1110 7.35868e-12
1111 1.98735e-12
1112 -2.78533e-12
1113 -6.80405e-12
1114 -9.97044e-12
1115 -1.22406e-11
1116 -1.362e-11
1117 -1.41572e-11
1118 -1.39357e-11
1119 -1.3065e-11
1120 -1.16724e-11
1121 -9.89402e-12
1122 -7.86724e-12
1123 -5.72356e-12
1124 -3.58301e-12
1125 -1.54976e-12
1126 2.90956e-13
1127 1.87454e-12
1128 3.15748e-12
1129 4.11676e-12
1130 4.74826e-12
1131 5.06448e-12
1132 5.09174e-12
1133 4.86704e-12
1134 4.43486e-12
1135 3.84395e-12
1136 3.14437e-12
1137 2.38487e-12
1138 1.61062e-12
1139 8.61514e-13
1140 1.70874e-13
1141 -4.35309e-13
1142 -9.38672e-13
1143 -1.32837e-12
1144 -1.6006e-12
1145 -1.75784e-12
1146 -1.80789e-12
1147 -1.76279e-12
1148 -1.63761e-12
1149 -1.44933e-12
1150 -1.21574e-12
1151 -9.54465e-13
1152 -6.82081e-13
1153 -4.13472e-13
1154 -1.6131e-13
1155 6.4268e-14
1156 2.55814e-13
1157 4.08575e-13
1158 5.20356e-13
1159 5.91283e-13
1160 6.23479e-13
1161 6.20684e-13
1162 5.87851e-13
1163 5.30733e-13
1164 4.55488e-13
1165 3.68321e-13
1166 2.75169e-13
1167 1.81444e-13
1168 9.18378e-14
1169 1.01898e-14
1170 -6.05865e-14
1171 -1.18519e-13
1172 -1.62543e-13
1173 -1.9243e-13
1174 -2.08681e-13
1175 -2.12403e-13
1176 -2.05165e-13
1177 -1.8886e-13
1178 -1.65564e-13
1179 -1.37407e-13
1180 -1.06463e-13
1181 -7.46494e-14
1182 -4.36588e-14
1183 -1.49044e-14
1184 1.05108e-14
1185 3.18046e-14
1186 4.85095e-14
1187 6.04513e-14
1188 6.77164e-14
1189 7.06109e-14
1190 6.96137e-14
1191 6.53287e-14
1192 5.84366e-14
1193 4.96505e-14
1194 3.96757e-14
1195 2.91756e-14
1196 1.87449e-14
1197 8.88973e-15
1198 1.49659e-17
1199 -7.58116e-15
