1200
0 0
1 7.54233e-07
2 3.06674e-06
3 6.89902e-06
4 1.20517e-05
5 1.81613e-05
6 2.47097e-05
7 3.10458e-05
8 3.64212e-05
9 4.00362e-05
10 4.10969e-05
11 3.8878e-05
12 3.27903e-05
13 2.24456e-05
14 7.71725e-06
15 -1.12107e-05
16 -3.38091e-05
17 -5.91888e-05
18 -8.61089e-05
19 -0.00011301
20 -0.000138071
21 -0.0001593
22 -0.000174633
23 -0.000182067
24 -0.000179798
25 -0.000166365
26 -0.000140791
27 -0.000102717
28 -5.25071e-05
29 8.67285e-06
30 7.88206e-05
31 0.000155106
32 0.000233934
33 0.000311062
34 0.000381769
35 0.000441077
36 0.000484017
37 0.000505919
38 0.000502729
39 0.00047132
40 0.000409789
41 0.000317721
42 0.000196386
43 4.88758e-05
44 -0.000119863
45 -0.00030309
46 -0.000492443
47 -0.000678227
48 -0.000849809
49 -0.000996107
50 -0.00110617
51 -0.00116978
52 -0.00117816
53 -0.00112455
54 -0.00100487
55 -0.000818194
56 -0.000567156
57 -0.000258195
58 9.8404e-05
59 0.000488665
60 0.000895298
61 0.0012983
62 0.00167577
63 0.0020049
64 0.00226313
65 0.00242939
66 0.0024854
67 0.00241695
68 0.00221503
69 0.00187689
70 0.00140677
71 0.000816359
72 0.00012489
73 -0.000641153
74 -0.00144877
75 -0.00225956
76 -0.00303132
77 -0.00371987
78 -0.00428125
79 -0.00467411
80 -0.0048621
81 -0.0048163
82 -0.00451742
83 -0.00395768
84 -0.00314233
85 -0.00209046
86 -0.000835323
87 0.000576236
88 0.00208499
89 0.00362139
90 0.00510829
91 0.00646437
92 0.00760802
93 0.00846162
94 0.00895594
95 0.00903449
96 0.00865756
97 0.00780573
98 0.00648256
99 0.00471638
100 0.00256082
101 9.32277e-05
102 -0.0025321
103 -0.00519403
104 -0.00776211
105 -0.0101026
106 -0.012085
107 -0.0135888
108 -0.0145099
109 -0.0147673
110 -0.0143081
111 -0.0131121
112 -0.0111948
113 -0.00860853
114 -0.00544207
115 -0.00181857
116 0.00210881
117 0.00616275
118 0.0101492
119 0.0138662
120 0.0171135
121 0.0197026
122 0.021467
123 0.0222718
124 0.0220219
125 0.0206697
126 0.0182196
127 0.0147308
128 0.0103178
129 0.00514744
130 -0.00056653
131 -0.00657127
132 -0.0125855
133 -0.0183118
134 -0.0234508
135 -0.0277159
136 -0.0308482
137 -0.0326309
138 -0.0329026
139 -0.0315682
140 -0.0286073
141 -0.024079
142 -0.0181235
143 -0.0109591
144 -0.00287587
145 0.00577538
146 0.0145972
147 0.0231629
148 0.0310363
149 0.0377928
150 0.0430412
151 0.046445
152 0.0477417
153 0.0467597
154 0.0434318
155 0.0378031
156 0.0300352
157 0.0204035
158 0.00928929
159 -0.00283369
160 -0.0154184
161 -0.027868
162 -0.0395629
163 -0.0498908
164 -0.0582767
165 -0.064214
166 -0.0672924
167 -0.0672233
168 -0.0638593
169 -0.0572089
170 -0.0474432
171 -0.034895
172 -0.02005
173 -0.00353
174 0.0139318
175 0.0315216
176 0.0483819
177 0.0636517
178 0.0765089
179 0.086213
180 0.0921453
181 0.0938448
182 0.0910382
183 0.0836621
184 0.0718749
185 0.0560591
186 0.0368124
187 0.0149273
188 -0.00863943
189 -0.0328067
190 -0.0564173
191 -0.0782916
192 -0.097285
193 -0.112346
194 -0.12257
195 -0.127256
196 -0.12594
197 -0.118438
198 -0.10486
199 -0.0856186
200 -0.0614219
201 -0.0332496
202 -0.00231636
203 0.0299787
204 0.0621133
205 0.0925124
206 0.119623
207 0.141993
208 0.158342
209 0.16764
210 0.169157
211 0.162518
212 0.147734
213 0.125212
214 0.0957571
215 0.0605407
216 0.021062
217 -0.0209153
218 -0.06344
219 -0.104461
220 -0.141927
221 -0.173884
222 -0.198575
223 -0.214537
224 -0.220678
225 -0.21635
226 -0.201391
227 -0.176152
228 -0.1415
229 -0.0987901
230 -0.0498188
231 0.00325044
232 0.0579797
233 0.111767
234 0.161968
235 0.206025
236 0.241593
237 0.266664
238 0.279675
239 0.279598
240 0.266011
241 0.239135
242 0.199846
243 0.149654
244 0.090644
245 0.0254001
246 -0.0431114
247 -0.111672
248 -0.176962
249 -0.235717
250 -0.284893
251 -0.321817
252 -0.344335
253 -0.350925
254 -0.340796
255 -0.313947
256 -0.271187
257 -0.214124
258 -0.145105
259 -0.0671275
260 0.0162934
261 0.101277
262 0.18376
263 0.259685
264 0.325203
265 0.376864
266 0.411796
267 0.42786
268 0.423778
269 0.399212
270 0.354809
271 0.292196
272 0.213922
273 0.123363
274 0.0245756
275 -0.0778826
276 -0.179161
277 -0.274347
278 -0.358701
279 -0.42789
280 -0.478212
281 -0.50679
282 -0.511728
283 -0.492231
284 -0.448668
285 -0.382578
286 -0.296627
287 -0.194502
288 -0.0807558
289 0.039396
290 0.160312
291 0.27619
292 0.381344
293 0.470486
294 0.538986
295 0.583114
296 0.600238
297 0.588979
298 0.549295
299 0.482518
300 0.391315
301 0.279583
302 0.152289
303 0.015244
304 -0.125155
305 -0.26223
306 -0.389336
307 -0.500184
308 -0.589154
309 -0.651578
310 -0.683982
311 -0.684278
312 -0.651888
313 -0.587798
314 -0.49454
315 -0.376092
316 -0.237711
317 -0.0857048
318 0.0728633
319 0.230498
320 0.379629
321 0.512977
322 0.623907
323 0.706763
324 0.757153
325 0.77218
326 0.750605
327 0.692934
328 0.601412
329 0.479945
330 0.333932
331 0.170027
332 -0.00416719
333 -0.180453
334 -0.350424
335 -0.50587
336 -0.639172
337 -0.743683
338 -0.814053
339 -0.84651
340 -0.839055
341 -0.791584
342 -0.705909
343 -0.585699
344 -0.436318
345 -0.264589
346 -0.0784801
347 0.11327
348 0.301561
349 0.477368
350 0.632176
351 0.758397
352 0.849738
353 0.901523
354 0.91093
355 0.877141
356 0.801401
357 0.686976
358 0.539012
359 0.3643
360 0.170967
361 -0.0319079
362 -0.234722
363 -0.427808
364 -0.601896
365 -0.748562
366 -0.860643
367 -0.932581
368 -0.960709
369 -0.943431
370 -0.881316
371 -0.777078
372 -0.635463
373 -0.463025
374 -0.267828
375 -0.0590571
376 0.153409
377 0.359474
378 0.549307
379 0.713813
380 0.845077
381 0.936741
382 0.984321
383 0.985422
384 0.939865
385 0.849697
386 0.719101
387 0.554198
388 0.362762
389 0.153844
390 -0.0626521
391 -0.276449
392 -0.477385
393 -0.655902
394 -0.803503
395 -0.913161
396 -0.979657
397 -0.999827
398 -0.97272
399 -0.899635
400 -0.784068
401 -0.631533
402 -0.449306
403 -0.246068
404 -0.0314929
405 0.18422
406 0.390835
407 0.578564
408 0.738545
409 0.863252
410 0.946861
411 0.985519
412 0.977526
413 0.923407
414 0.825883
415 0.689733
416 0.521554
417 0.329446
418 0.122612
419 -0.0890801
420 -0.295579
421 -0.487123
422 -0.654715
423 -0.790537
424 -0.888328
425 -0.943668
426 -0.954181
427 -0.91964
428 -0.841957
429 -0.725087
430 -0.574821
431 -0.3985
432 -0.204652
433 -0.00257814
434 0.198097
435 0.387888
436 0.5579
437 0.700246
438 0.80842
439 0.877591
440 0.904824
441 0.889201
442 0.831848
443 0.73586
444 0.606141
445 0.44915
446 0.272577
447 0.0849652
448 -0.104703
449 -0.287442
450 -0.454688
451 -0.598704
452 -0.712942
453 -0.792338
454 -0.833539
455 -0.835044
456 -0.79725
457 -0.722418
458 -0.614534
459 -0.479106
460 -0.322878
461 -0.153494
462 0.0208743
463 0.191929
464 0.351638
465 0.492616
466 0.608468
467 0.694078
468 0.745837
469 0.761791
470 0.741711
471 0.687081
472 0.600998
473 0.488005
474 0.353847
475 0.205186
476 0.0492637
477 -0.106447
478 -0.254606
479 -0.38835
480 -0.501611
481 -0.589393
482 -0.647991
483 -0.675148
484 -0.670129
485 -0.633742
486 -0.568261
487 -0.477298
488 -0.365607
489 -0.238834
490 -0.103235
491 0.034631
492 0.168226
493 0.291335
494 0.398363
495 0.484582
496 0.546344
497 0.581229
498 0.588139
499 0.56732
500 0.520326
501 0.449915
502 0.359898
503 0.25493
504 0.140274
505 0.0215411
506 -0.0955903
507 -0.20564
508 -0.303585
509 -0.385085
510 -0.446675
511 -0.485912
512 -0.501464
513 -0.493148
514 -0.461917
515 -0.409781
516 -0.339693
517 -0.255382
518 -0.161161
519 -0.0617057
520 0.0381755
521 0.133773
522 0.220695
523 0.295072
524 0.353725
525 0.394295
526 0.415344
527 0.416387
528 0.397902
529 0.361272
530 0.308705
531 0.243098
532 0.167891
533 0.0868814
534 0.00403662
535 -0.0766968
536 -0.151581
537 -0.21726
538 -0.270905
539 -0.310336
540 -0.334105
541 -0.341547
542 -0.332784
543 -0.308703
544 -0.270884
545 -0.221512
546 -0.163251
547 -0.099107
548 -0.0322712
549 0.0340336
550 0.0967076
551 0.152917
552 0.200222
553 0.236676
554 0.260907
555 0.272163
556 0.270326
557 0.255901
558 0.229971
559 0.194126
560 0.150372
561 0.101024
562 0.0485852
563 -0.00437996
564 -0.0553657
565 -0.102044
566 -0.142367
567 -0.174656
568 -0.19767
569 -0.210646
570 -0.213321
571 -0.205926
572 -0.189162
573 -0.164143
574 -0.132336
575 -0.0954752
576 -0.0554726
577 -0.014319
578 0.0260119
579 0.0636562
580 0.0969445
581 0.124474
582 0.145163
583 0.158296
584 0.163536
585 0.160934
586 0.150907
587 0.134207
588 0.111871
589 0.0851644
590 0.0555077
591 0.0244075
592 -0.00662036
593 -0.0361223
594 -0.0627733
595 -0.0854349
596 -0.103201
597 -0.115434
598 -0.121779
599 -0.122177
600 -0.116848
601 -0.106275
602 -0.0911686
603 -0.0724231
604 -0.0510681
605 -0.0282139
606 -0.00499538
607 0.0174827
608 0.0381964
609 0.0562481
610 0.0709033
611 0.0816189
612 0.0880604
613 0.0901089
614 0.0878578
615 0.0815989
616 0.0718005
617 0.059077
618 0.0441539
619 0.0278284
620 0.0109288
621 -0.00572637
622 -0.0213666
623 -0.0353034
624 -0.0469598
625 -0.0558919
626 -0.0618044
627 -0.0645579
628 -0.0641679
629 -0.0607975
630 -0.0547426
631 -0.0464121
632 -0.0363029
633 -0.0249726
634 -0.0130104
635 -0.00100722
636 0.0104716
637 0.0209125
638 0.0298752
639 0.03701
640 0.0420701
641 0.0449186
642 0.0455292
643 0.0439824
644 0.0404563
645 0.0352137
646 0.0285853
647 0.0209508
648 0.0127184
649 0.00430426
650 -0.00388761
651 -0.011484
652 -0.0181586
653 -0.0236448
654 -0.0277458
655 -0.0303397
656 -0.0313823
657 -0.0309043
658 -0.0290068
659 -0.0258525
660 -0.0216547
661 -0.016665
662 -0.0111591
663 -0.00542259
664 0.000263216
665 0.00563412
666 0.0104548
667 0.0145284
668 0.0177038
669 0.0198802
670 0.0210095
671 0.0210953
672 0.0201903
673 0.0183911
674 0.015831
675 0.0126721
676 0.00909565
677 0.00529259
678 0.00145405
679 -0.00223782
680 -0.00561791
681 -0.00854502
682 -0.0109073
683 -0.0126256
684 -0.0136559
685 -0.0139889
686 -0.0136487
687 -0.0126899
688 -0.011193
689 -0.00925932
690 -0.00700486
691 -0.00455411
692 -0.00203357
693 0.000434337
694 0.0027368
695 0.00477543
696 0.00647005
697 0.00776144
698 0.00861287
699 0.00901058
700 0.00896297
701 0.00849898
702 0.00766543
703 0.00652376
704 0.00514624
705 0.00361189
706 0.00200232
707 0.000397746
708 -0.00112677
709 -0.00250454
710 -0.00367987
711 -0.00461007
712 -0.00526665
713 -0.00563578
714 -0.00571807
715 -0.0055276
716 -0.00509045
717 -0.0044427
718 -0.00362809
719 -0.00269549
720 -0.00169621
721 -0.000681467
722 0.00030006
723 0.00120437
724 0.00199393
725 0.00263902
726 0.00311869
727 0.0034211
728 0.00354359
729 0.00349214
730 0.00328056
731 0.0029293
732 0.00246409
733 0.00191431
734 0.00131141
735 0.000687286
736 7.26841e-05
737 -0.000504126
738 -0.00101855
739 -0.00145059
740 -0.00178547
741 -0.00201401
742 -0.00213266
743 -0.00214331
744 -0.00205281
745 -0.00187233
746 -0.00161653
747 -0.00130261
748 -0.000949345
749 -0.000576078
750 -0.000201755
751 0.000155937
752 0.000481325
753 0.000761352
754 0.000986016
755 0.00114863
756 0.00124591
757 0.00127789
758 0.00124768
759 0.00116113
760 0.00102631
761 0.000853014
762 0.000652156
763 0.000435168
764 0.000213428
765 -2.28139e-06
766 -0.000202237
767 -0.000378166
768 -0.000523527
769 -0.000633702
770 -0.000706071
771 -0.000739996
772 -0.000736699
773 -0.000699078
774 -0.000631437
775 -0.000539184
776 -0.000428492
777 -0.000305948
778 -0.00017821
779 -5.16858e-05
780 6.77528e-05
781 0.000175009
782 0.000265944
783 0.000337505
784 0.000387785
785 0.000416027
786 0.000422577
787 0.00040878
788 0.000376842
789 0.000329659
790 0.000270627
791 0.000203442
792 0.000131902
793 5.97193e-05
794 -9.65271e-06
795 -7.31597e-05
796 -0.000128263
797 -0.000173019
798 -0.000206128
799 -0.00022694
800 -0.000235442
801 -0.000232203
802 -0.000218306
803 -0.000195249
804 -0.00016485
805 -0.000129128
806 -9.01941e-05
807 -5.01433e-05
808 -1.09562e-05
809 2.55863e-05
810 5.79718e-05
811 8.50066e-05
812 0.000105847
813 0.000120011
814 0.000127374
815 0.00012814
816 0.000122813
817 0.000112144
818 9.70755e-05
819 7.86805e-05
820 5.8103e-05
821 3.64956e-05
822 1.4965e-05
823 -5.47767e-06
824 -2.39565e-05
825 -3.97618e-05
826 -5.23696e-05
827 -6.14518e-05
828 -6.68746e-05
829 -6.86896e-05
830 -6.71151e-05
831 -6.25119e-05
832 -5.53542e-05
833 -4.61973e-05
834 -3.56446e-05
835 -2.43142e-05
836 -1.28086e-05
837 -1.6873e-06
838 8.55646e-06
839 1.75133e-05
840 2.48703e-05
841 3.04172e-05
842 3.40482e-05
843 3.57575e-05
844 3.56313e-05
845 3.38354e-05
846 3.06005e-05
847 2.62057e-05
848 2.09609e-05
849 1.51891e-05
850 9.21016e-06
851 3.32556e-06
852 -2.19423e-06
853 -7.12e-06
854 -1.12711e-05
855 -1.45196e-05
856 -1.67921e-05
857 -1.80681e-05
858 -1.83762e-05
859 -1.77887e-05
860 -1.64139e-05
861 -1.4388e-05
862 -1.18657e-05
863 -9.01164e-06
864 -5.99115e-06
865 -2.96266e-06
866 -7.05489e-08
867 2.5604e-06
868 4.82923e-06
869 6.66142e-06
870 8.01009e-06
871 8.85568e-06
872 9.20439e-06
873 9.08552e-06
874 8.54795e-06
875 7.65601e-06
876 6.48494e-06
877 5.11633e-06
878 3.63359e-06
879 2.1178e-06
880 6.44058e-07
881 -7.21572e-07
882 -1.92436e-06
883 -2.92249e-06
884 -3.68784e-06
885 -4.20602e-06
886 -4.47582e-06
887 -4.50798e-06
888 -4.32356e-06
889 -3.95195e-06
890 -3.42868e-06
891 -2.79315e-06
892 -2.08633e-06
893 -1.34867e-06
894 -6.18246e-07
895 7.09053e-08
896 6.89977e-07
897 1.21629e-06
898 1.63378e-06
899 1.93316e-06
900 2.11165e-06
901 2.17254e-06
902 2.12442e-06
903 1.98023e-06
904 1.75627e-06
905 1.47102e-06
906 1.14411e-06
907 7.95214e-07
908 4.43118e-07
909 1.04917e-07
910 -2.04651e-07
911 -4.73677e-07
912 -6.93372e-07
913 -8.58181e-07
914 -9.65727e-07
915 -1.01661e-06
916 -1.01408e-06
917 -9.63628e-07
918 -8.7247e-07
919 -7.4906e-07
920 -6.02539e-07
921 -4.42235e-07
922 -2.77192e-07
923 -1.15768e-07
924 3.47034e-08
925 1.68154e-07
926 2.79952e-07
927 3.66972e-07
928 4.27598e-07
929 4.61642e-07
930 4.70209e-07
931 4.55514e-07
932 4.20658e-07
933 3.69389e-07
934 3.05855e-07
935 2.34364e-07
936 1.59158e-07
937 8.42195e-08
938 1.3102e-08
939 -5.11933e-08
940 -1.06306e-07
941 -1.50562e-07
942 -1.82986e-07
943 -2.03269e-07
944 -2.11722e-07
945 -2.09186e-07
946 -1.96946e-07
947 -1.76614e-07
948 -1.50021e-07
949 -1.19106e-07
950 -8.58078e-08
951 -5.19755e-08
952 -1.92858e-08
953 1.08179e-08
954 3.71711e-08
955 5.89137e-08
956 7.54999e-08
957 8.66903e-08
958 9.25307e-08
959 9.33192e-08
960 8.95649e-08
961 8.19402e-08
962 7.12311e-08
963 5.82865e-08
964 4.39708e-08
965 2.91203e-08
966 1.45057e-08
967 8.02432e-10
968 -1.1432e-08
969 -2.1772e-08
970 -2.99296e-08
971 -3.5754e-08
972 -3.92231e-08
973 -4.04308e-08
974 -3.95697e-08
975 -3.69106e-08
976 -3.27811e-08
977 -2.75433e-08
978 -2.15724e-08
979 -1.52371e-08
980 -8.88262e-09
981 -2.81662e-09
982 2.70174e-09
983 7.46869e-09
984 1.13396e-08
985 1.42295e-08
986 1.611e-08
987 1.70049e-08
988 1.69829e-08
989 1.6149e-08
990 1.46357e-08
991 1.25932e-08
992 1.01801e-08
993 7.55488e-09
994 4.86826e-09
995 2.25664e-09
996 -1.62808e-10
997 -2.29563e-09
998 -4.07207e-09
999 -5.44761e-09
1000 -6.40227e-09
1001 -6.93871e-09
1002 -7.07951e-09
1003 -6.86379e-09
1004 -6.34337e-09
1005 -5.5788e-09
1006 -4.63543e-09
1007 -3.57962e-09
1008 -2.47546e-09
1009 -1.38189e-09
1010 -3.50437e-10
1011 5.76405e-10
1012 1.3662e-09
1013 1.99697e-09
1014 2.45701e-09
1015 2.74429e-09
1016 2.86537e-09
1017 2.83411e-09
1018 2.67009e-09
1019 2.39704e-09
1020 2.04112e-09
1021 1.62942e-09
1022 1.18851e-09
1023 7.43206e-10
1024 3.15558e-10
1025 -7.58638e-11
1026 -4.16478e-10
1027 -6.95919e-10
1028 -9.08038e-10
1029 -1.05069e-09
1030 -1.12537e-09
1031 -1.13669e-09
1032 -1.09179e-09
1033 -9.99652e-10
1034 -8.70493e-10
1035 -7.15075e-10
1036 -5.44128e-10
1037 -3.67833e-10
1038 -1.95386e-10
1039 -3.46745e-11
1040 1.0795e-10
1041 2.27794e-10
1042 3.21848e-10
1043 3.88729e-10
1044 4.28544e-10
1045 4.42705e-10
1046 4.33699e-10
1047 4.04833e-10
1048 3.59974e-10
1049 3.03285e-10
1050 2.38992e-10
1051 1.71163e-10
1052 1.03535e-10
1053 3.93669e-11
1054 -1.86563e-11
1055 -6.84853e-11
1056 -1.08727e-10
1057 -1.38631e-10
1058 -1.58043e-10
1059 -1.67343e-10
1060 -1.67355e-10
1061 -1.59252e-10
1062 -1.44455e-10
1063 -1.24533e-10
1064 -1.01106e-10
1065 -7.57592e-11
1066 -4.9971e-11
1067 -2.50531e-11
1068 -2.10781e-12
1069 1.79995e-11
1070 3.46528e-11
1071 4.74833e-11
1072 5.63567e-11
1073 6.1349e-11
1074 6.27165e-11
1075 6.08597e-11
1076 5.62852e-11
1077 4.95674e-11
1078 4.13112e-11
1079 3.21189e-11
1080 2.25603e-11
1081 1.31496e-11
1082 4.32678e-12
1083 -3.55407e-12
1084 -1.02311e-11
1085 -1.55355e-11
1086 -1.93878e-11
1087 -2.17901e-11
1088 -2.28153e-11
1089 -2.2594e-11
1090 -2.13012e-11
1091 -1.91412e-11
1092 -1.63339e-11
1093 -1.31021e-11
1094 -9.65999e-12
1095 -6.20381e-12
1096 -2.90451e-12
1097 9.73076e-14
1098 2.69427e-12
1099 4.81317e-12
1100 6.41399e-12
1101 7.48751e-12
1102 8.05162e-12
1103 8.14688e-12
1104 7.83146e-12
1105 7.17591e-12
1106 6.25807e-12
1107 5.15822e-12
1108 3.9548e-12
1109 2.7208e-12
1110 1.52086e-12
1111 4.09243e-13
1112 -5.7148e-13
1113 -1.39093e-12
1114 -2.03079e-12
1115 -2.48407e-12
1116 -2.7539e-12
1117 -2.85205e-12
1118 -2.79713e-12
1119 -2.61274e-12
1120 -2.32568e-12
1121 -1.9641e-12
1122 -1.55601e-12
1123 -1.12786e-12
1124 -7.03446e-13
1125 -3.03138e-13
1126 5.67017e-14
1127 3.63959e-13
1128 6.10784e-13
1129 7.93395e-13
1130 9.11703e-13
1131 9.68806e-13
1132 9.70396e-13
1133 9.24119e-13
1134 8.38921e-13
1135 7.24428e-13
1136 5.90372e-13
1137 4.46096e-13
1138 3.00143e-13
1139 1.59944e-13
1140 3.16045e-14
1141 -8.02112e-14
1142 -1.72312e-13
1143 -2.42931e-13
1144 -2.91613e-13
1145 -3.19053e-13
1146 -3.26899e-13
1147 -3.17539e-13
1148 -2.93873e-13
1149 -2.591e-13
1150 -2.16518e-13
1151 -1.6934e-13
1152 -1.20555e-13
1153 -7.28012e-14
1154 -2.82941e-14
1155 1.12298e-14
1156 4.45288e-14
1157 7.08478e-14
1158 8.98859e-14
1159 1.01747e-13
1160 1.06876e-13
1161 1.05989e-13
1162 9.99968e-14
1163 8.99337e-14
1164 7.68863e-14
1165 6.19331e-14
1166 4.60912e-14
1167 3.02748e-14
1168 1.52644e-14
1169 1.68711e-15
1170 -9.99233e-15
1171 -1.94711e-14
1172 -2.66001e-14
1173 -3.13689e-14
1174 -3.38859e-14
1175 -3.4356e-14
1176 -3.3056e-14
1177 -3.03103e-14
1178 -2.64678e-14
1179 -2.18807e-14
1180 -1.68868e-14
1181 -1.17943e-14
1182 -6.87088e-15
1183 -2.3364e-15
1184 1.6412e-15
1185 4.94657e-15
1186 7.51499e-15
1187 9.32809e-15
1188 1.0408e-14
1189 1.081e-14
1190 1.06152e-14
1191 9.92242e-15
1192 8.84048e-15
1193 7.48152e-15
1194 5.95476e-15
1195 4.36146e-15
1196 2.79104e-15
1197 1.31838e-15
1198 2.21066e-18
1199 -1.11537e-15
