0 0
1 0
2 0
3 0
4 0
5 0
6 0
7 0
8 0
9 0
10 0
11 0
12 0
13 0
14 0
15 0
16 0
17 0
18 0
19 0
20 0
21 0
22 0
23 0
24 0
25 0
26 0
27 0
28 0
29 0
30 0
31 0
32 0
33 0
34 0
35 0
36 0
37 0
38 0
39 0
40 0
41 0
42 0
43 0
44 0
45 0
46 0
47 0
48 0
49 0
50 0
51 0
52 0
53 0
54 0
55 0
56 0
57 0
58 0
59 0
60 0
61 0
62 0
63 0
64 0
65 0
66 0
67 0
68 0
69 0
70 0
71 0
72 0
73 0
74 0
75 0
76 0
77 0
78 0
79 0
80 0
81 0
82 0
83 0
84 0
85 0
86 0
87 0
88 0
89 0
90 0
91 0
92 0
93 0
94 0
95 0
96 0
97 0
98 0
99 0
100 0
101 0
102 0
103 0
104 0
105 0
106 0
107 0
108 0
109 0
110 0
111 0
112 0
113 0
114 0
115 0
116 0
117 0
118 0
119 0
120 0
121 0
122 0
123 0
124 0
125 0
126 2.65729e-36
127 1.41366e-35
128 4.51707e-35
129 1.49004e-34
130 5.03133e-34
131 1.59542e-33
132 4.82721e-33
133 1.42894e-32
134 4.09947e-32
135 1.1156e-31
136 2.89586e-31
137 7.69075e-31
138 2.33892e-30
139 8.242e-30
140 2.97293e-29
141 9.75327e-29
142 2.72719e-28
143 6.19464e-28
144 1.0478e-27
145 9.29538e-28
146 -1.33071e-27
147 -7.73192e-27
148 -1.70443e-26
149 -1.73075e-26
150 1.84205e-26
151 1.12349e-25
152 2.1835e-25
153 1.48156e-25
154 -3.65911e-25
155 -1.27353e-24
156 -1.57086e-24
157 6.43777e-25
158 5.81086e-24
159 8.41375e-24
160 -3.37001e-24
161 -3.27908e-23
162 -4.66578e-23
163 2.47573e-23
164 2.00175e-22
165 2.99533e-22
166 -5.0041e-23
167 -9.93696e-22
168 -1.75457e-21
169 -5.5621e-22
170 3.70946e-21
171 8.41579e-21
172 6.09946e-21
173 -9.91878e-21
174 -3.3011e-20
175 -3.51698e-20
176 1.56001e-20
177 1.0685e-19
178 1.46454e-19
179 1.45646e-20
180 -2.84765e-19
181 -4.92855e-19
182 -2.12253e-19
183 6.26046e-19
184 1.351e-18
185 9.22681e-19
186 -9.56322e-19
187 -3.05291e-18
188 -3.05869e-18
189 4.42708e-19
190 5.62116e-18
191 7.91656e-18
192 3.90352e-18
193 -6.32023e-18
194 -1.82966e-17
195 -2.08568e-17
196 -1.39682e-18
197 3.70273e-17
198 6.57836e-17
199 4.05082e-17
200 -6.21662e-17
201 -1.79233e-16
202 -1.56868e-16
203 9.44231e-17
204 4.15847e-16
205 4.34042e-16
206 -1.02028e-16
207 -8.66864e-16
208 -9.99502e-16
209 6.68425e-18
210 1.53926e-15
211 2.15675e-15
212 5.63869e-16
213 -2.74031e-15
214 -4.44628e-15
215 -1.55655e-15
216 4.24241e-15
217 7.98133e-15
218 5.02714e-15
219 -6.12985e-15
220 -1.66307e-14
221 -1.03305e-14
222 1.20751e-14
223 2.7725e-14
224 1.83169e-14
225 -1.71412e-14
226 -5.30263e-14
227 -3.20359e-14
228 4.98158e-14
229 8.38892e-14
230 9.48849e-15
231 -7.66404e-14
232 -9.03849e-14
233 -1.94246e-14
234 1.34941e-13
235 1.72481e-13
236 -1.13251e-13
237 -3.15776e-13
238 2.84538e-14
239 3.71088e-13
240 1.07398e-13
241 -2.30112e-13
242 -2.35919e-13
243 -2.10667e-13
244 1.81161e-13
245 8.67541e-13
246 2.48338e-13
247 -1.32168e-12
248 -9.19018e-13
249 1.0733e-12
250 1.19308e-12
251 -1.66898e-13
252 -4.18515e-13
253 -5.4197e-13
254 -1.16386e-12
255 1.40576e-13
256 2.23013e-12
257 1.12456e-12
258 -1.59731e-12
259 -1.72496e-12
260 -2.0738e-13
261 4.42548e-13
262 1.0498e-12
263 1.94549e-12
264 6.53161e-13
265 -3.15111e-12
266 -4.00489e-12
267 1.88401e-12
268 6.34388e-12
269 5.05223e-13
270 -5.89958e-12
271 -1.3711e-12
272 3.20802e-12
273 -4.88566e-13
274 1.736e-13
275 4.01703e-12
276 -3.39301e-12
277 -7.46146e-12
278 5.94338e-12
279 9.44099e-12
280 -6.50213e-12
281 -8.10666e-12
282 4.1155e-12
283 1.21089e-12
284 -9.06044e-13
285 1.04826e-11
286 1.22479e-12
287 -2.02295e-11
288 -5.74855e-12
289 1.93394e-11
290 7.65988e-12
291 -6.90699e-12
292 1.25572e-12
293 -6.29764e-12
294 -1.89571e-11
295 7.93548e-12
296 3.09664e-11
297 9.62758e-13
298 -2.43951e-11
299 -5.19048e-12
300 3.80346e-12
301 -7.00296e-12
302 1.18606e-11
303 2.79286e-11
304 -1.0463e-11
305 -3.75612e-11
306 4.65187e-13
307 2.68971e-11
308 1.51375e-12
309 -7.82543e-12
310 5.94489e-12
311 -4.31414e-12
312 -6.88555e-12
313 1.19858e-11
314 -8.11833e-12
315 -2.95126e-11
316 2.47624e-11
317 5.60965e-11
318 -2.16104e-11
319 -6.67972e-11
320 1.14236e-12
321 3.96921e-11
322 8.22407e-12
323 1.31547e-11
324 1.35277e-11
325 -5.30807e-11
326 -5.00487e-11
327 5.39685e-11
328 6.33076e-11
329 -2.53981e-11
330 -3.17085e-11
331 -3.69669e-12
332 -3.37448e-11
333 1.19548e-11
334 1.03443e-10
335 8.54458e-12
336 -1.43428e-10
337 -5.47956e-11
338 1.20736e-10
339 1.0062e-10
340 -2.59823e-11
341 -9.34387e-11
342 -8.96653e-11
343 2.67515e-13
344 1.26246e-10
345 1.29737e-10
346 -3.04505e-11
347 -1.83366e-10
348 -1.1349e-10
349 1.03137e-10
350 1.32706e-10
351 2.34935e-11
352 5.64899e-11
353 -4.45651e-11
354 -3.35423e-10
355 -6.95301e-11
356 4.85404e-10
357 1.60052e-10
358 -4.02349e-10
359 -4.06194e-11
360 1.77601e-10
361 -2.8986e-10
362 3.20653e-11
363 6.28606e-10
364 -1.63706e-10
365 -7.54759e-10
366 2.52626e-10
367 6.02262e-10
368 -3.2762e-10
369 -2.68238e-10
370 3.62068e-10
371 -8.05741e-11
372 -3.1564e-10
373 2.92446e-10
374 1.71612e-10
375 -3.04117e-10
376 5.46846e-11
377 2.04555e-10
378 -2.73953e-10
379 -1.80673e-10
380 2.96455e-10
381 3.0471e-10
382 2.32486e-11
383 -3.93955e-10
384 -5.26408e-10
385 2.06281e-10
386 7.39856e-10
387 1.92888e-10
388 -3.12738e-10
389 -4.04712e-10
390 -5.15516e-10
391 1.64516e-10
392 1.04818e-09
393 2.59565e-10
394 -8.29123e-10
395 -3.29489e-10
396 9.98543e-11
397 -1.01296e-10
398 5.45476e-10
399 5.94068e-10
400 -8.3408e-10
401 -6.81295e-10
402 9.37272e-10
403 4.26407e-10
404 -9.84141e-10
405 -2.387e-10
406 7.78805e-10
407 2.61814e-10
408 -1.68677e-10
409 -2.43182e-10
410 -5.36291e-10
411 3.418e-11
412 8.16319e-10
413 9.15096e-11
414 -5.68984e-10
415 1.77936e-10
416 2.01599e-10
417 -6.80817e-10
418 -4.35757e-11
419 9.32074e-10
420 -6.05921e-11
421 -7.25127e-10
422 3.97714e-10
423 3.00657e-10
424 -8.36038e-10
425 1.2156e-10
426 9.22185e-10
427 -6.79386e-10
428 -4.89437e-10
429 1.53288e-09
430 -9.54788e-11
431 -2.36638e-09
432 3.61643e-10
433 2.5063e-09
434 -2.24313e-10
435 -1.56933e-09
436 -3.33011e-11
437 -1.16221e-10
438 9.91918e-11
439 1.69179e-09
440 1.49687e-10
441 -2.26304e-09
442 -5.9154e-10
443 1.38254e-09
444 8.53824e-10
445 5.72696e-10
446 -5.31846e-10
447 -2.38992e-09
448 -2.96975e-10
449 2.74233e-09
450 8.24721e-10
451 -1.31934e-09
452 -1.36557e-10
453 -7.65077e-10
454 -1.73016e-09
455 1.93889e-09
456 3.53131e-09
457 -1.63098e-09
458 -3.84038e-09
459 6.85672e-10
460 2.32875e-09
461 -3.58848e-10
462 4.30159e-12
463 1.03683e-09
464 -1.75258e-09
465 -1.91329e-09
466 2.19748e-09
467 1.76731e-09
468 -1.70686e-09
469 -1.15152e-10
470 1.25769e-09
471 -2.14716e-09
472 -1.43437e-09
473 3.25729e-09
474 1.71214e-09
475 -2.14469e-09
476 -9.56834e-10
477 -3.20833e-10
478 -1.00071e-09
479 2.00365e-09
480 2.52407e-09
481 -1.75738e-09
482 -1.64903e-09
483 6.46068e-10
484 -1.38284e-09
485 -3.89071e-10
486 3.8008e-09
487 9.46459e-10
488 -3.14851e-09
489 -6.54172e-10
490 6.66722e-12
491 -1.0693e-09
492 2.89828e-09
493 2.28735e-09
494 -3.99034e-09
495 -7.38404e-10
496 4.1392e-09
497 -3.13218e-09
498 -4.55191e-09
499 6.47117e-09
500 4.73728e-09
501 -7.22046e-09
502 -3.56442e-09
503 5.89912e-09
504 1.49182e-09
505 -4.07929e-09
506 -2.97022e-10
507 2.45596e-09
508 6.94154e-10
509 -1.21432e-09
510 -1.53719e-09
511 1.06868e-09
512 1.62706e-09
513 -2.31733e-09
514 -9.6854e-10
515 3.26712e-09
516 -4.16483e-10
517 -1.42287e-09
518 3.44723e-09
519 -3.25644e-09
520 -8.11492e-09
521 7.74111e-09
522 1.13986e-08
523 -9.49542e-09
524 -9.33918e-09
525 9.44592e-09
526 1.93605e-09
527 -9.92644e-09
528 5.61857e-09
529 1.04576e-08
530 -7.95303e-09
531 -7.80263e-09
532 5.00648e-09
533 8.33432e-10
534 -1.21087e-09
535 6.46707e-09
536 -2.73901e-10
537 -8.55641e-09
538 6.95271e-10
539 4.43945e-09
540 -2.61753e-09
541 1.18988e-09
542 5.33934e-09
543 -3.0924e-09
544 -5.09055e-09
545 7.309e-10
546 -2.6535e-10
547 2.08771e-09
548 7.89962e-09
549 -2.01408e-09
550 -1.20099e-08
551 -2.69386e-10
552 8.95539e-09
553 1.13583e-09
554 -3.79342e-10
555 2.00279e-09
556 -8.26589e-09
557 -7.96298e-09
558 1.19505e-08
559 1.25676e-08
560 -9.35731e-09
561 -1.18789e-08
562 3.08092e-09
563 5.21006e-09
564 2.74237e-09
565 4.08871e-09
566 -5.40577e-09
567 -1.05374e-08
568 5.28353e-09
569 1.02099e-08
570 -4.96354e-09
571 -3.91335e-09
572 6.15461e-09
573 -3.09238e-09
574 -7.10191e-09
575 5.59849e-09
576 4.12581e-09
577 -3.18501e-09
578 3.04196e-09
579 -4.21208e-10
580 -8.43799e-09
581 3.03423e-09
582 5.0934e-09
583 -6.95701e-09
584 6.1579e-09
585 1.40094e-08
586 -1.5857e-08
587 -1.93212e-08
588 1.62949e-08
589 1.48815e-08
590 -1.06354e-08
591 -8.86871e-10
592 7.87013e-09
593 -1.09521e-08
594 -9.63368e-09
595 1.00907e-08
596 7.75608e-09
597 -1.00122e-09
598 2.70926e-09
599 -1.67611e-09
600 -1.35174e-08
601 -7.52288e-09
602 1.24933e-08
603 1.66941e-08
604 -6.71356e-10
605 -1.16803e-08
606 -7.29255e-09
607 -5.21194e-09
608 1.57719e-09
609 1.78416e-08
610 1.04232e-08
611 -1.57349e-08
612 -1.46374e-08
613 3.95015e-09
614 8.46784e-09
615 7.20651e-09
616 -1.7052e-09
617 -1.4614e-08
618 1.30974e-09
619 1.98081e-08
620 -3.25816e-09
621 -2.00053e-08
622 1.48062e-09
623 1.02724e-08
624 2.03529e-09
625 5.80731e-09
626 -1.27756e-09
627 -1.54018e-08
628 -3.62428e-09
629 9.88874e-09
630 6.57288e-09
631 5.08451e-09
632 -4.81308e-09
633 -1.63481e-08
634 2.1285e-09
635 1.70454e-08
636 -1.62249e-09
637 -1.03304e-08
638 4.70115e-10
639 2.17988e-09
640 4.97185e-09
641 3.99053e-09
642 -1.2097e-08
643 -5.69833e-09
644 1.41624e-08
645 7.05906e-11
646 -8.52959e-09
647 1.2368e-08
648 -4.52221e-10
649 -2.47733e-08
650 6.81869e-09
651 2.83041e-08
652 -8.61252e-09
653 -1.99864e-08
654 7.41698e-09
655 5.48295e-09
656 -4.31881e-09
657 5.82963e-09
658 -1.89047e-09
659 -8.39897e-09
660 1.23098e-08
661 4.21626e-09
662 -2.40077e-08
663 8.98908e-11
664 2.93223e-08
665 -2.30788e-10
666 -2.13531e-08
667 -1.66022e-09
668 2.06693e-09
669 9.1605e-10
670 1.63129e-08
671 2.20656e-09
672 -2.09407e-08
673 -1.85045e-09
674 9.88215e-09
675 -5.36705e-09
676 7.52232e-09
677 1.46242e-08
678 -2.09429e-08
679 -1.82406e-08
680 2.64953e-08
681 1.46185e-08
682 -2.45146e-08
683 -7.94964e-09
684 1.60161e-08
685 6.42943e-10
686 -5.07055e-09
687 8.22872e-09
688 -7.98908e-11
689 -1.64289e-08
690 -4.95027e-09
691 1.72428e-08
692 1.27554e-08
693 -8.75361e-09
694 -1.09456e-08
695 -4.35488e-10
696 -2.02147e-09
697 6.4017e-10
698 1.38437e-08
699 6.36838e-09
700 -1.363e-08
701 -1.05038e-08
702 4.30164e-09
703 7.55727e-09
704 4.38251e-09
705 -2.80854e-09
706 -9.51374e-09
707 -7.25899e-11
708 1.47022e-08
709 4.93651e-09
710 -1.96147e-08
711 -1.3279e-08
712 1.92631e-08
713 1.58923e-08
714 -1.42847e-08
715 -3.05984e-09
716 1.26921e-08
717 -1.97e-08
718 -1.71732e-08
719 3.47248e-08
720 1.81966e-08
721 -3.14072e-08
722 -6.84395e-09
723 1.52012e-08
724 -1.00433e-08
725 3.34679e-09
726 1.59091e-08
727 -2.00647e-08
728 -4.55681e-09
729 3.33915e-08
730 -1.33444e-08
731 -3.70292e-08
732 2.43652e-08
733 2.54569e-08
734 -2.56195e-08
735 -4.7261e-09
736 2.16331e-08
737 -1.03143e-08
738 -1.52361e-08
739 1.08622e-08
740 7.27781e-09
741 -1.18604e-09
742 -1.00697e-09
743 -9.64282e-09
744 -1.25893e-10
745 1.72649e-08
746 -2.00838e-09
747 -2.1347e-08
748 2.31983e-09
749 2.11795e-08
750 -1.46267e-10
751 -1.6636e-08
752 2.72898e-10
753 1.07778e-08
754 -5.7486e-09
755 -7.43716e-09
756 1.35388e-08
757 7.50613e-09
758 -1.80306e-08
759 -1.00461e-08
760 1.54481e-08
761 1.45031e-08
762 -4.84661e-09
763 -1.85271e-08
764 -1.0249e-08
765 1.67142e-08
766 1.99558e-08
767 -6.96798e-09
768 -1.40186e-08
769 -3.51482e-09
770 -5.86368e-09
771 5.14354e-09
772 2.41095e-08
773 9.27775e-10
774 -2.71795e-08
775 -3.41345e-09
776 1.84196e-08
777 -3.34796e-09
778 -1.10571e-08
779 1.14688e-08
780 9.33594e-09
781 -1.18771e-08
782 -5.35535e-09
783 7.86586e-09
784 -5.29087e-09
785 -8.62056e-09
786 1.49459e-08
787 1.37125e-08
788 -1.57167e-08
789 -1.42302e-08
790 1.15317e-08
791 8.68378e-09
792 -1.05384e-08
793 -6.76903e-09
794 1.11733e-08
795 1.34615e-08
796 -5.96302e-09
797 -1.89287e-08
798 -3.02466e-09
799 1.18797e-08
800 4.11271e-09
801 3.34808e-09
802 5.96435e-09
803 -1.23891e-08
804 -1.41827e-08
805 1.04016e-08
806 7.96226e-09
807 -5.83771e-09
808 7.17495e-09
809 4.66358e-09
810 -1.49771e-08
811 -1.65538e-09
812 9.46682e-09
813 -7.87399e-09
814 6.36444e-10
815 1.64883e-08
816 -7.17008e-09
817 -1.33683e-08
818 1.18846e-08
819 4.94417e-10
820 -1.74194e-08
821 9.02359e-09
822 1.799e-08
823 -8.48306e-09
824 -6.94118e-09
825 5.3186e-09
826 -1.02401e-08
827 -8.73902e-09
828 1.86769e-08
829 1.61438e-08
830 -1.06229e-08
831 -1.70251e-08
832 -6.05144e-09
833 7.29609e-09
834 1.74817e-08
835 5.60107e-09
836 -1.79848e-08
837 -1.16281e-08
838 1.23725e-08
839 8.33086e-09
840 -7.18549e-09
841 -1.14251e-09
842 3.51086e-09
843 -3.85983e-09
844 1.28373e-09
845 5.50617e-09
846 -7.16724e-09
847 -6.39555e-09
848 9.16718e-09
849 7.94206e-09
850 -2.72751e-09
851 -8.34e-09
852 -9.07703e-09
853 6.39415e-09
854 1.62182e-08
855 -5.6689e-09
856 -1.19057e-08
857 1.1071e-08
858 8.53253e-10
859 -2.02107e-08
860 5.83792e-09
861 2.22896e-08
862 -3.77237e-09
863 -9.81907e-09
864 -8.04315e-10
865 -1.0436e-08
866 1.1935e-09
867 2.33189e-08
868 6.61961e-10
869 -2.21947e-08
870 7.61464e-10
871 1.49699e-08
872 -4.3561e-09
873 -1.19147e-08
874 3.84429e-09
875 1.32834e-08
876 1.45501e-09
877 -1.32354e-08
878 -4.62135e-09
879 1.11708e-08
880 2.16522e-09
881 -1.17598e-08
882 -5.0898e-10
883 1.49497e-08
884 6.26796e-09
885 -1.39929e-08
886 -1.45337e-08
887 5.96988e-09
888 1.41856e-08
889 2.23749e-09
890 -3.90108e-09
891 -3.4392e-09
892 -4.53965e-09
893 1.18948e-09
894 1.16776e-09
895 -4.65098e-09
896 9.74835e-09
897 1.391e-08
898 -1.62327e-08
899 -1.77731e-08
900 1.34415e-08
901 8.50951e-09
902 -6.51287e-09
903 6.62661e-09
904 6.1383e-10
905 -1.30548e-08
906 5.12664e-09
907 5.60696e-09
908 -1.1983e-08
909 6.68606e-09
910 1.52513e-08
911 -1.18189e-08
912 -8.39998e-09
913 6.81815e-09
914 -7.41131e-09
915 2.19889e-09
916 2.17793e-08
917 -8.32063e-09
918 -2.43506e-08
919 9.38286e-09
920 1.44693e-08
921 -6.69118e-09
922 -1.11963e-09
923 1.62353e-09
924 -5.61377e-09
925 5.01212e-09
926 2.49565e-09
927 -1.14045e-08
928 6.05671e-09
929 1.44437e-08
930 -1.3094e-08
931 -1.19919e-08
932 1.44016e-08
933 5.26127e-09
934 -1.00375e-08
935 1.68627e-09
936 2.92485e-09
937 -4.98525e-09
938 2.97541e-09
939 3.34197e-09
940 -4.38439e-09
941 2.04072e-09
942 8.89103e-10
943 -8.42599e-09
944 3.9996e-09
945 1.19792e-08
946 -5.44483e-09
947 -9.25149e-09
948 1.98345e-09
949 7.0617e-10
950 3.14848e-09
951 7.53034e-09
952 -6.00658e-09
953 -8.1351e-09
954 5.91378e-09
955 1.60383e-10
956 -4.17325e-09
957 9.26684e-09
958 4.37138e-10
959 -1.20376e-08
960 6.65912e-09
961 6.71493e-09
962 -1.51705e-08
963 1.95959e-09
964 1.9329e-08
965 -9.36036e-09
966 -1.53696e-08
967 1.41642e-08
968 6.35071e-09
969 -1.60493e-08
970 7.79433e-10
971 1.38176e-08
972 -2.12771e-09
973 -7.42559e-09
974 -6.86196e-10
975 -1.61503e-10
976 3.89766e-09
977 5.17679e-09
978 -4.93383e-09
979 -6.3639e-09
980 2.58644e-09
981 4.83678e-09
982 3.17136e-09
983 -1.71699e-09
984 -9.94531e-09
985 -2.26657e-09
986 1.32038e-08
987 5.40379e-09
988 -1.00033e-08
989 -5.53562e-09
990 2.49682e-09
991 2.72651e-09
992 3.25921e-09
993 -7.37221e-11
994 -2.24276e-09
995 8.09834e-10
996 -5.62467e-09
997 -4.89537e-09
998 1.54622e-08
999 8.84061e-09
1000 -2.07242e-08
1001 -8.8361e-09
1002 1.76533e-08
1003 4.49859e-09
1004 -7.95501e-09
1005 -6.15552e-11
1006 -2.78875e-09
1007 9.43728e-10
1008 9.64846e-09
1009 -7.61076e-09
1010 -1.09179e-08
1011 1.34936e-08
1012 6.79647e-09
1013 -1.14707e-08
1014 1.62539e-09
1015 2.71198e-09
1016 -1.02697e-08
1017 3.74836e-09
1018 1.19673e-08
1019 -1.55128e-09
1020 -3.24292e-09
1021 -5.74289e-09
1022 -8.9718e-09
1023 1.02268e-08
1024 1.24359e-08
1025 -9.45482e-09
1026 -3.55573e-09
1027 6.61201e-09
1028 -7.71787e-09
1029 -3.08379e-09
1030 1.00755e-08
1031 -2.87544e-09
1032 -4.39588e-09
1033 9.39865e-09
1034 4.91681e-10
1035 -9.6499e-09
1036 -2.87637e-09
1037 1.29541e-09
1038 6.20538e-09
1039 7.4181e-09
1040 -4.85514e-09
1041 -6.84186e-09
1042 1.9561e-10
1043 -1.28603e-09
1044 4.26809e-09
1045 6.46141e-09
1046 -8.81321e-09
1047 -4.0018e-09
1048 1.35779e-08
1049 2.01038e-10
1050 -1.33832e-08
1051 -1.53847e-09
1052 3.63227e-09
1053 5.46628e-09
1054 1.01681e-08
1055 -5.88227e-09
1056 -1.60838e-08
1057 2.45935e-09
1058 1.00502e-08
1059 1.14736e-09
1060 -3.85848e-10
1061 -4.88189e-09
1062 -4.1294e-09
1063 1.11781e-08
1064 4.74893e-09
1065 -1.74588e-08
1066 -7.33283e-09
1067 1.70525e-08
1068 1.15172e-08
1069 -9.18828e-09
1070 -1.15755e-08
1071 1.96698e-09
1072 5.82801e-09
1073 -2.17909e-09
1074 1.10641e-09
1075 6.798e-09
1076 -5.18139e-09
1077 -8.4186e-09
1078 6.50548e-09
1079 5.37077e-09
1080 -5.57407e-09
1081 -1.80264e-09
1082 1.60495e-09
1083 4.4116e-10
1084 3.38561e-09
1085 -5.923e-10
1086 -4.06654e-09
1087 1.97416e-09
1088 -1.17752e-09
1089 -5.03164e-09
1090 6.62434e-09
1091 7.58764e-09
1092 -6.53722e-09
1093 -6.61605e-09
1094 2.90947e-09
1095 4.09073e-09
1096 -1.54998e-09
1097 -5.41577e-09
1098 3.30685e-09
1099 1.00677e-08
1100 -4.61382e-09
1101 -9.70463e-09
1102 4.73414e-09
1103 -3.64647e-10
1104 -5.69259e-09
1105 1.27153e-08
1106 5.31574e-09
1107 -1.63051e-08
1108 1.84784e-09
1109 1.00052e-08
1110 -1.41353e-08
1111 -1.48677e-09
1112 2.05683e-08
1113 -4.65493e-09
1114 -1.42059e-08
1115 9.64183e-09
1116 2.38257e-09
1117 -1.194e-08
1118 2.70263e-09
1119 5.51014e-09
1120 2.1706e-10
1121 9.52149e-09
1122 -2.43622e-09
1123 -2.20121e-08
1124 -3.50063e-10
1125 2.1832e-08
1126 3.44438e-09
1127 -1.20009e-08
1128 -3.31792e-09
1129 2.70702e-09
1130 3.35838e-09
1131 2.53598e-09
1132 -6.0589e-09
1133 -7.12767e-09
1134 7.37045e-09
1135 1.07424e-08
1136 -4.49495e-09
1137 -8.33222e-09
1138 2.91513e-09
1139 6.02587e-10
1140 -8.07157e-09
1141 4.00184e-09
1142 1.43245e-08
1143 -1.70096e-09
1144 -1.1212e-08
1145 -1.27541e-10
1146 -8.21333e-10
1147 -5.39708e-09
1148 1.01357e-08
1149 1.30656e-08
1150 -1.0116e-08
1151 -1.33232e-08
1152 6.65901e-09
1153 7.08972e-09
1154 -6.50509e-09
1155 -3.7083e-09
1156 6.95818e-09
1157 5.96355e-09
1158 -3.21307e-09
1159 -6.84606e-09
1160 -1.2905e-09
1161 2.15581e-09
1162 3.19166e-10
1163 3.07583e-09
1164 3.61868e-09
1165 -4.1718e-09
1166 -2.49444e-09
1167 4.3089e-09
1168 -4.12541e-09
1169 -6.8349e-09
1170 8.5424e-09
1171 7.38884e-09
1172 -7.94819e-09
1173 -1.58381e-09
1174 8.48999e-09
1175 -4.62438e-09
1176 -1.34362e-08
1177 1.89928e-09
1178 1.64064e-08
1179 7.33336e-09
1180 -1.20934e-08
1181 -1.07973e-08
1182 6.08326e-09
1183 4.042e-09
1184 -5.97559e-09
1185 3.53915e-09
1186 8.18851e-09
1187 -3.42721e-09
1188 -3.45613e-09
1189 -3.92017e-10
1190 -7.01117e-09
1191 7.82627e-11
1192 1.14583e-08
1193 3.5454e-09
1194 -4.55511e-09
1195 -5.01027e-09
1196 -5.29267e-09
1197 5.13132e-09
1198 8.77196e-09
