1200
0 0
1 2.3166e-06
2 7.21455e-06
3 9.3238e-06
4 3.73262e-06
5 -9.55737e-06
6 -2.39107e-05
7 -2.89386e-05
8 -1.69801e-05
9 1.05165e-05
10 4.11322e-05
11 5.64939e-05
12 4.25182e-05
13 -5.07603e-07
14 -5.44467e-05
15 -9.00863e-05
16 -8.22141e-05
17 -2.55685e-05
18 5.77658e-05
19 0.000125631
20 0.000136284
21 7.25823e-05
22 -4.35516e-05
23 -0.000156488
24 -0.000202477
25 -0.000144289
26 3.32964e-06
27 0.000173306
28 0.000275266
29 0.000242219
30 7.144e-05
31 -0.000164193
32 -0.000345168
33 -0.00036442
34 -0.000188109
35 0.000115326
36 0.00039834
37 0.000504152
38 0.000351224
39 -1.20794e-05
40 -0.000416608
41 -0.000648701
42 -0.000560623
43 -0.000159254
44 0.000378103
45 0.000778517
46 0.000809385
47 0.000409169
48 -0.000258654
49 -0.000866918
50 -0.00108184
51 -0.000742147
52 3.40442e-05
53 0.000880598
54 0.00135195
55 0.00115352
56 0.000316827
57 -0.000781209
58 -0.00158232
59 -0.00162627
60 -0.000807947
61 0.000528182
62 0.00172438
63 0.00212817
64 0.00144154
65 -8.29157e-05
66 -0.00171987
67 -0.00260967
68 -0.00220312
69 -0.0005857
70 0.00150417
71 0.00300313
72 0.00305671
73 0.00149462
74 -0.00101166
75 -0.00322399
76 -0.00394086
77 -0.00263921
78 0.000182989
79 0.00317426
80 0.00476633
81 0.00398575
82 0.00102561
83 -0.00274891
84 -0.00541602
85 -0.00546457
86 -0.00263164
87 0.00184525
88 0.00574826
89 0.00696494
90 0.00461498
91 -0.000375318
92 -0.00560383
93 -0.00833296
94 -0.00690679
95 -0.00171926
96 0.00481741
97 0.00937336
98 0.00938023
99 0.00445069
100 -0.00323348
101 -0.00975903
102 -0.0116122
103 -0.00754185
104 0.000698367
105 0.00907812
106 0.0132488
107 0.0107869
108 0.00257123
109 -0.00747448
110 -0.0142391
111 -0.0140111
112 -0.00649225
113 0.00484411
114 0.0143348
115 0.0169412
116 0.0109052
117 -0.00114452
118 -0.0133019
119 -0.019261
120 -0.0155695
121 -0.00358666
122 0.0109446
123 0.0206291
124 0.0201648
125 0.0092158
126 -0.00713148
127 -0.0207017
128 -0.0243002
129 -0.0155022
130 0.00182146
131 0.0191623
132 0.0275308
133 0.0220941
134 0.00491151
135 -0.0157544
136 -0.0293842
137 -0.0285332
138 -0.0128588
139 0.0103176
140 0.0293936
141 0.03427
142 0.0216649
143 -0.00282167
144 -0.0271394
145 -0.03869
146 -0.030825
147 -0.00660173
148 0.0222941
149 0.0411514
150 0.0396954
151 0.0176359
152 -0.0146696
153 -0.0410329
154 -0.0475178
155 -0.0297662
156 0.00426228
157 0.0377897
158 0.0534586
159 0.0422821
160 0.00870873
161 -0.0310143
162 -0.0566622
163 -0.0542957
164 -0.0237747
165 0.0204978
166 0.0563176
167 0.0647795
168 0.040206
169 -0.00628644
170 -0.0517329
171 -0.0726232
172 -0.0570209
173 -0.0112728
174 0.0424153
175 0.0767079
176 0.0730171
177 0.0315029
178 -0.0281486
179 -0.0759956
180 -0.0868274
181 -0.0533899
182 0.00906239
183 0.0696275
184 0.0970001
185 0.0756026
186 0.0143155
187 -0.0570259
188 -0.1021
189 -0.0965423
190 -0.0410298
191 0.0379904
192 0.100824
193 0.114423
194 0.0696989
195 -0.0127795
196 -0.0921331
197 -0.127382
198 -0.0985515
199 -0.0178313
200 0.0753725
201 0.133612
202 0.1255
203 0.0525238
204 -0.0503924
205 -0.131515
206 -0.148255
207 -0.0894522
208 0.0176401
209 0.119859
210 0.164469
211 0.126303
212 0.0217794
213 -0.0979368
214 -0.171912
215 -0.160401
216 -0.0660867
217 0.0656959
218 0.168662
219 0.188862
220 0.112863
221 -0.0238476
222 -0.153303
223 -0.208785
224 -0.159143
225 -0.0260775
226 0.125104
227 0.217472
228 0.201558
229 0.0817277
230 -0.0841782
231 -0.212664
232 -0.236546
233 -0.139994
234 0.031589
235 0.192776
236 0.260587
237 0.197143
238 0.0305978
239 -0.157106
240 -0.270482
241 -0.249017
242 -0.0993377
243 0.106012
244 0.263635
245 0.29129
246 0.170711
247 -0.0410144
248 -0.238329
249 -0.319777
250 -0.240105
251 -0.0351668
252 0.19396
253 0.33076
254 0.302476
255 0.118671
256 -0.131224
257 -0.321327
258 -0.352674
259 -0.204647
260 0.052214
261 0.289684
262 0.385815
263 0.287502
264 0.0395709
265 -0.235411
266 -0.397671
267 -0.361231
268 -0.139331
269 0.159652
270 0.385057
271 0.419816
272 0.241179
273 -0.0651934
274 -0.346175
275 -0.457669
276 -0.338455
277 -0.0435662
278 0.280893
279 0.470083
280 0.424143
281 0.160777
282 -0.190918
283 -0.453666
284 -0.491341
285 -0.279424
286 0.0798523
287 0.406716
288 0.533781
289 0.391727
290 0.0468945
291 -0.329499
292 -0.546339
293 -0.489634
294 -0.182332
295 0.224407
296 0.525511
297 0.565384
298 0.318257
299 -0.0959679
300 -0.469799
301 -0.612087
302 -0.445744
303 -0.0493034
304 0.379987
305 0.624294
306 0.55573
307 0.203214
308 -0.259267
309 -0.598497
310 -0.639649
311 -0.35635
312 0.113187
313 0.533529
314 0.690086
315 0.498663
316 0.0505688
317 -0.43081
318 -0.701381
319 -0.620137
320 -0.222581
321 0.294431
322 0.670157
323 0.711504
324 0.392249
325 -0.131029
326 -0.595702
327 -0.764948
328 -0.548464
329 -0.050518
330 0.480183
331 0.774743
332 0.680368
333 0.239585
334 -0.328662
335 -0.737779
336 -0.778128
337 -0.424453
338 0.148899
339 0.653923
340 0.833681
341 0.593072
342 0.0490494
343 -0.526176
344 -0.841395
345 -0.733891
346 -0.253428
347 0.360619
348 0.798566
349 0.836683
350 0.451522
351 -0.166123
352 -0.705749
353 -0.893321
354 -0.6305
355 -0.0461484
356 0.56684
357 0.898422
358 0.778307
359 0.26343
360 -0.388942
361 -0.849827
362 -0.884522
363 -0.47218
364 0.181981
365 0.74886
366 0.941139
367 0.658992
368 0.041894
369 -0.600339
370 -0.943191
371 -0.811523
372 -0.269078
373 0.412348
374 0.889172
375 0.919376
376 0.485416
377 -0.195758
378 -0.781228
379 -0.974854
380 -0.67716
381 -0.0364578
382 0.625085
383 0.973549
384 0.831921
385 0.270073
386 -0.429721
387 -0.914695
388 -0.939538
389 -0.490565
390 0.206799
391 0.801277
392 0.992806
393 0.684099
394 0.0300929
395 -0.639868
396 -0.987994
397 -0.838482
398 -0.266356
399 0.440208
400 0.925129
401 0.944002
402 0.487363
403 -0.214561
404 -0.808007
405 -0.994096
406 -0.679458
407 -0.0231142
408 0.643947
409 0.985802
410 0.830876
411 0.25811
412 -0.443282
413 -0.919949
414 -0.93254
415 -0.47597
416 0.218651
417 0.80108
418 0.978659
419 0.663468
420 0.0158728
421 -0.637118
422 -0.967084
423 -0.809484
424 -0.24575
425 0.43879
426 0.899417
427 0.905731
428 0.456958
429 -0.218868
430 -0.780845
431 -0.947269
432 -0.636931
433 -0.00872698
434 0.619726
435 0.932776
436 0.775372
437 0.229886
438 -0.426963
439 -0.864559
440 -0.864902
441 -0.43126
442 0.215213
443 0.748312
444 0.901476
445 0.601142
446 0.00201218
447 -0.59264
448 -0.884565
449 -0.7302
450 -0.211272
451 0.408399
452 0.81708
453 0.812029
454 0.400099
455 -0.207889
456 -0.705066
457 -0.843479
458 -0.557796
459 0.00398447
460 0.557179
461 0.824747
462 0.676087
463 0.190749
464 -0.384009
465 -0.759225
466 -0.749569
467 -0.364885
468 0.197284
469 0.653139
470 0.775949
471 0.508845
472 -0.00904431
473 -0.515005
474 -0.75605
475 -0.615449
476 -0.169182
477 0.354946
478 0.693605
479 0.680281
480 0.327118
481 -0.183938
482 -0.594855
483 -0.701829
484 -0.456358
485 0.0130291
486 0.467995
487 0.681428
488 0.550821
489 0.147397
490 -0.322516
491 -0.623005
492 -0.607017
493 -0.288276
494 0.168495
495 0.532656
496 0.62412
497 0.402381
498 -0.0158843
499 -0.418106
500 -0.603849
501 -0.484682
502 -0.126138
503 0.288079
504 0.550182
505 0.532536
506 0.249728
507 -0.151654
508 -0.468935
509 -0.545687
510 -0.348801
511 0.017634
512 0.367236
513 0.526108
514 0.419307
515 0.106021
516 -0.252955
517 -0.477704
518 -0.459339
519 -0.212654
520 0.134119
521 0.405891
522 0.469092
523 0.297253
524 -0.0183691
525 -0.317118
526 -0.450673
527 -0.356643
528 -0.0875176
529 0.218348
530 0.4078
531 0.38954
532 0.178004
533 -0.116548
534 -0.345411
535 -0.39647
536 -0.249048
537 0.0182305
538 0.269223
539 0.379566
540 0.298238
541 0.0709453
542 -0.185281
543 -0.342274
544 -0.324794
545 -0.146463
546 0.0995218
547 0.288998
548 0.32946
549 0.205139
550 -0.0173908
551 -0.224709
552 -0.314305
553 -0.2452
554 -0.0564724
555 0.154558
556 0.282447
557 0.266255
558 0.118458
559 -0.0835098
560 -0.23773
561 -0.269174
562 -0.166118
563 0.0160349
564 0.184394
565 0.255891
566 0.1982
567 0.0441357
568 -0.126745
569 -0.229159
570 -0.214596
571 -0.0941759
572 0.0688612
573 0.192267
574 0.216223
575 0.132249
576 -0.0143438
577 -0.148762
578 -0.204832
579 -0.157511
580 -0.0338638
581 0.102177
582 0.182799
583 0.170052
584 0.0735947
585 -0.0558008
586 -0.152882
587 -0.170769
588 -0.103507
589 0.0124811
590 0.117992
591 0.161206
592 0.123068
593 0.0255046
594 -0.0809771
595 -0.143367
596 -0.132488
597 -0.0565303
598 0.0444371
599 0.11952
600 0.132603
601 0.0796435
602 -0.0105845
603 -0.0920103
604 -0.124739
605 -0.0945382
606 -0.0188529
607 0.0630891
608 0.110551
609 0.101486
610 0.0426815
611 -0.0347775
612 -0.0918666
613 -0.101237
614 -0.0602467
615 0.00876089
616 0.0705405
617 0.0948993
618 0.0713991
619 0.0136755
620 -0.0483208
621 -0.0838129
622 -0.0764311
623 -0.0316751
624 0.026749
625 0.0694236
626 0.0759909
627 0.0448039
628 -0.00708547
629 -0.0531693
630 -0.0709844
631 -0.0530155
632 -0.00973266
633 0.0363834
634 0.0624738
635 0.0565937
636 0.0231052
637 -0.02022
638 -0.0515809
639 -0.0560819
640 -0.0327566
641 0.00560422
642 0.0394008
643 0.0522038
644 0.0387023
645 0.00679444
646 -0.0269316
647 -0.045785
648 -0.0412003
649 -0.0165658
650 0.015022
651 0.0376793
652 0.0406932
653 0.023544
654 -0.00433805
655 -0.0287058
656 -0.0377468
657 -0.0277776
658 -0.00465159
659 0.019598
660 0.0329903
661 0.0294894
662 0.011674
663 -0.0109686
664 -0.0270614
665 -0.0290308
666 -0.0166364
667 0.00328819
668 0.0205616
669 0.0268348
670 0.0196009
671 0.00312213
672 -0.0140203
673 -0.0233715
674 -0.0207522
675 -0.00808579
676 0.00787163
677 0.0191087
678 0.0203626
679 0.0115567
680 -0.0024418
681 -0.0144799
682 -0.0187567
683 -0.0135982
684 -0.00205379
685 0.00986039
686 0.0162789
687 0.0143581
688 0.00550451
689 -0.00555225
690 -0.0132662
691 -0.0140426
692 -0.00789226
693 0.00177715
694 0.0100253
695 0.01289
696 0.00927484
697 0.00132356
698 -0.00681755
699 -0.0111481
700 -0.00976707
701 -0.003683
702 0.00384921
703 0.00905512
704 0.00952134
705 0.00529862
706 -0.00126807
707 -0.00682422
708 -0.00870938
709 -0.00621949
710 -0.000835232
711 0.00463404
712 0.00750616
713 0.00653226
714 0.00242194
715 -0.00262288
716 -0.00607682
717 -0.00634727
718 -0.00349717
719 0.000887352
720 0.00456702
721 0.00578578
722 0.00410039
723 0.000515812
724 -0.00309663
725 -0.00496902
726 -0.00429532
727 -0.0015653
728 0.00175669
729 0.00400952
730 0.00416019
731 0.00226913
732 -0.000609093
733 -0.00300494
734 -0.00377899
735 -0.00265776
736 -0.000311523
737 0.00203432
738 0.00323416
739 0.0027769
740 0.000994247
741 -0.00115645
742 -0.00260101
743 -0.00268088
744 -0.00144741
745 0.000410204
746 0.00194386
747 0.00242678
748 0.00169366
749 0.000183829
750 -0.00131386
751 -0.00206963
752 -0.00176505
753 -0.000620652
754 0.000748304
755 0.00165893
756 0.00169856
757 0.000907636
758 -0.000271097
759 -0.00123628
760 -0.00153222
761 -0.0010611
762 -0.000105871
763 0.000834219
764 0.00130215
765 0.00110303
766 0.000380759
767 -0.000475941
768 -0.00104027
769 -0.00105808
770 -0.000559521
771 0.000175844
772 0.000773029
773 0.000951161
774 0.000653594
775 5.94208e-05
776 -0.000520732
777 -0.000805502
778 -0.000677716
779 -0.000229557
780 0.000297547
781 0.000641357
782 0.000648031
783 0.000339083
784 -0.000111962
785 -0.000475226
786 -0.00058053
787 -0.000395801
788 -3.24382e-05
789 0.00031956
790 0.000489905
791 0.000409394
792 0.000136006
793 -0.000182849
794 -0.000388766
795 -0.00039022
796 -0.000202012
797 6.99852e-05
798 0.000287231
799 0.000348366
800 0.000235648
801 1.7178e-05
802 -0.000192795
803 -0.000292951
804 -0.000243145
805 -7.91854e-05
806 0.000110449
807 0.000231693
808 0.000231026
809 0.000118312
810 -4.29522e-05
811 -0.000170682
812 -0.000205534
813 -0.000137933
814 -8.79101e-06
815 0.000114352
816 0.000172234
817 0.000141978
818 4.53042e-05
819 -6.55806e-05
820 -0.00013576
821 -0.000134477
822 -6.81173e-05
823 2.58852e-05
824 9.97177e-05
825 0.000119227
826 7.93762e-05
827 4.32313e-06
828 -6.66809e-05
829 -9.95586e-05
830 -8.15094e-05
831 -2.54698e-05
832 3.82764e-05
833 7.82107e-05
834 7.69615e-05
835 3.85534e-05
836 -1.53194e-05
837 -5.72775e-05
838 -6.79987e-05
839 -4.49085e-05
840 -2.02462e-06
841 3.82265e-05
842 5.6582e-05
843 4.60071e-05
844 1.407e-05
845 -2.19601e-05
846 -4.42992e-05
847 -4.33047e-05
848 -2.14508e-05
849 8.90413e-06
850 3.23462e-05
851 3.81301e-05
852 2.49794e-05
853 8.88987e-07
854 -2.15445e-05
855 -3.16167e-05
856 -2.55313e-05
857 -7.63712e-06
858 1.23847e-05
859 2.46696e-05
860 2.39571e-05
861 1.17326e-05
862 -5.08316e-06
863 -1.79593e-05
864 -2.1022e-05
865 -1.366e-05
866 -3.54846e-07
867 1.19377e-05
868 1.73698e-05
869 1.393e-05
870 4.07303e-06
871 -6.86584e-06
872 -1.35071e-05
873 -1.30307e-05
874 -6.30837e-06
875 2.85034e-06
876 9.80359e-06
877 1.13951e-05
878 7.34402e-06
879 1.19298e-07
880 -6.50296e-06
881 -9.38233e-06
882 -7.47238e-06
883 -2.13422e-06
884 3.74159e-06
885 7.27111e-06
886 6.96852e-06
887 3.33432e-06
888 -1.57002e-06
889 -5.26149e-06
890 -6.07299e-06
891 -3.88177e-06
892 -2.47908e-08
893 3.48269e-06
894 4.98271e-06
895 3.94091e-06
896 1.0987e-06
897 -2.00437e-06
898 -3.84835e-06
899 -3.66394e-06
900 -1.73245e-06
901 8.4954e-07
902 2.77627e-06
903 3.18218e-06
904 2.01716e-06
905 -7.26195e-09
906 -1.83371e-06
907 -2.60171e-06
908 -2.04345e-06
909 -5.55671e-07
910 1.05551e-06
911 2.00255e-06
912 1.89406e-06
913 8.84868e-07
914 -4.51601e-07
915 -1.44027e-06
916 -1.63941e-06
917 -1.03053e-06
918 1.41385e-08
919 9.49199e-07
920 1.33565e-06
921 1.04174e-06
922 2.76078e-07
923 -5.46399e-07
924 -1.02454e-06
925 -9.62662e-07
926 -4.44279e-07
927 2.35851e-07
928 7.34608e-07
929 8.30401e-07
930 5.176e-07
931 -1.24101e-08
932 -4.83057e-07
933 -6.74163e-07
934 -5.22136e-07
935 -1.34741e-07
936 2.78051e-07
937 5.15362e-07
938 4.8105e-07
939 2.19275e-07
940 -1.21018e-07
941 -3.68381e-07
942 -4.1355e-07
943 -2.55586e-07
944 8.7857e-09
945 2.41687e-07
946 3.34561e-07
947 2.57298e-07
948 6.45945e-08
949 -1.39094e-07
950 -2.54877e-07
951 -2.36343e-07
952 -1.06384e-07
953 6.10116e-08
954 1.81622e-07
955 2.02491e-07
956 1.24077e-07
957 -5.57344e-09
958 -1.18884e-07
959 -1.6324e-07
960 -1.24657e-07
961 -3.04153e-08
962 6.84013e-08
963 1.23933e-07
964 1.14164e-07
965 5.07362e-08
966 -3.02229e-08
967 -8.80381e-08
968 -9.74818e-08
969 -5.92178e-08
970 3.2934e-09
971 5.74922e-08
972 7.83096e-08
973 5.93782e-08
974 1.40655e-08
975 -3.30669e-08
976 -5.92488e-08
977 -5.42193e-08
978 -2.37851e-08
979 1.47108e-08
980 4.19569e-08
981 4.61402e-08
982 2.77858e-08
983 -1.84683e-09
984 -2.73345e-08
985 -3.69355e-08
986 -2.78076e-08
987 -6.38788e-09
988 1.57144e-08
989 2.7849e-08
990 2.5317e-08
991 1.09607e-08
992 -7.03605e-09
993 -1.96592e-08
994 -2.14721e-08
995 -1.28174e-08
996 9.93084e-10
997 1.2777e-08
998 1.71282e-08
999 1.28034e-08
1000 2.84875e-09
1001 -7.34144e-09
1002 -1.28699e-08
1003 -1.16227e-08
1004 -4.9649e-09
1005 3.30692e-09
1006 9.05652e-09
1007 9.82444e-09
1008 5.81276e-09
1009 -5.15353e-10
1010 -5.87171e-09
1011 -7.8094e-09
1012 -5.79584e-09
1013 -1.24741e-09
1014 3.37166e-09
1015 5.84762e-09
1016 5.24609e-09
1017 2.21066e-09
1018 -1.52733e-09
1019 -4.10192e-09
1020 -4.41957e-09
1021 -2.59162e-09
1022 2.59189e-10
1023 2.65289e-09
1024 3.50077e-09
1025 2.57948e-09
1026 5.36253e-10
1027 -1.52226e-09
1028 -2.61228e-09
1029 -2.32809e-09
1030 -9.67532e-10
1031 6.93216e-10
1032 1.82661e-09
1033 1.95475e-09
1034 1.13596e-09
1035 -1.26706e-10
1036 -1.1784e-09
1037 -1.54294e-09
1038 -1.12869e-09
1039 -2.26301e-10
1040 6.75639e-10
1041 1.14736e-09
1042 1.01578e-09
1043 4.16236e-10
1044 -3.092e-10
1045 -7.99714e-10
1046 -8.5004e-10
1047 -4.89507e-10
1048 6.03339e-11
1049 5.14615e-10
1050 6.6861e-10
1051 4.85559e-10
1052 9.37348e-11
1053 -2.948e-10
1054 -4.95466e-10
1055 -4.35746e-10
1056 -1.7601e-10
1057 1.35536e-10
1058 3.44236e-10
1059 3.63435e-10
1060 2.07375e-10
1061 -2.80286e-11
1062 -2.2095e-10
1063 -2.84863e-10
1064 -2.05369e-10
1065 -3.81016e-11
1066 1.26452e-10
1067 2.10362e-10
1068 1.83781e-10
1069 7.31574e-11
1070 -5.83882e-11
1071 -1.45684e-10
1072 -1.52775e-10
1073 -8.63684e-11
1074 1.27187e-11
1075 9.32664e-11
1076 1.19327e-10
1077 8.53989e-11
1078 1.51963e-11
1079 -5.33229e-11
1080 -8.78127e-11
1081 -7.62085e-11
1082 -2.98878e-11
1083 2.47205e-11
1084 6.06174e-11
1085 6.31417e-11
1086 3.53634e-11
1087 -5.64283e-12
1088 -3.87059e-11
1089 -4.91452e-11
1090 -3.49136e-11
1091 -5.94561e-12
1092 2.2105e-11
1093 3.60401e-11
1094 3.10699e-11
1095 1.20016e-11
1096 -1.02863e-11
1097 -2.4798e-11
1098 -2.56577e-11
1099 -1.42348e-11
1100 2.44958e-12
1101 1.57925e-11
1102 1.99004e-11
1103 1.40333e-11
1104 2.28148e-12
1105 -9.00864e-12
1106 -1.45429e-11
1107 -1.2454e-11
1108 -4.73689e-12
1109 4.20666e-12
1110 9.974e-12
1111 1.02508e-11
1112 5.63308e-12
1113 -1.04111e-12
1114 -6.33499e-12
1115 -7.92289e-12
1116 -5.54561e-12
1117 -8.58383e-13
1118 3.60928e-12
1119 5.76974e-12
1120 4.90811e-12
1121 1.83758e-12
1122 -1.69083e-12
1123 -3.94416e-12
1124 -4.02659e-12
1125 -2.19148e-12
1126 4.33439e-13
1127 2.49841e-12
1128 3.1013e-12
1129 2.15458e-12
1130 3.16556e-13
1131 -1.4216e-12
1132 -2.2506e-12
1133 -1.90174e-12
1134 -7.00637e-13
1135 6.67965e-13
1136 1.53347e-12
1137 1.55508e-12
1138 8.38151e-13
1139 -1.76836e-13
1140 -9.68732e-13
1141 -1.19355e-12
1142 -8.22994e-13
1143 -1.14383e-13
1144 5.50461e-13
1145 8.63134e-13
1146 7.24474e-13
1147 2.6256e-13
1148 -2.59361e-13
1149 -5.86174e-13
1150 -5.90484e-13
1151 -3.15139e-13
1152 7.07251e-14
1153 3.6929e-13
1154 4.51628e-13
1155 3.09068e-13
1156 4.04778e-14
1157 -2.09544e-13
1158 -3.25459e-13
1159 -2.71348e-13
1160 -9.67041e-14
1161 9.89821e-14
1162 2.20299e-13
1163 2.20445e-13
1164 1.16486e-13
1165 -2.77377e-14
1166 -1.38406e-13
1167 -1.68019e-13
1168 -1.14112e-13
1169 -1.40211e-14
1170 7.84187e-14
1171 1.20657e-13
1172 9.99227e-14
1173 3.50054e-14
1174 -3.71294e-14
1175 -8.14017e-14
1176 -8.09152e-14
1177 -4.23288e-14
1178 1.06702e-14
1179 5.09994e-14
1180 6.14576e-14
1181 4.1422e-14
1182 4.75078e-15
1183 -2.88512e-14
1184 -4.39792e-14
1185 -3.61771e-14
1186 -1.24536e-14
1187 1.36896e-14
1188 2.95725e-14
1189 2.9201e-14
1190 1.51212e-14
1191 -4.02693e-15
1192 -1.84757e-14
1193 -2.2102e-14
1194 -1.47826e-14
1195 -1.57329e-15
1196 1.04354e-14
1197 1.57609e-14
1198 1.28776e-14
1199 4.35422e-15
