1200
0 0
1 2.66995e-06
2 7.16129e-06
3 5.73098e-06
4 -5.26052e-06
5 -1.91548e-05
6 -2.22742e-05
7 -5.8176e-06
8 2.32163e-05
9 4.30924e-05
10 3.27798e-05
11 -8.62786e-06
12 -5.51282e-05
13 -6.89856e-05
14 -3.0021e-05
15 4.29066e-05
16 9.83478e-05
17 8.74175e-05
18 4.48308e-06
19 -9.91234e-05
20 -0.000145054
21 -8.5661e-05
22 5.2015e-05
23 0.000173962
24 0.000181719
25 4.94166e-05
26 -0.000143437
27 -0.000256777
28 -0.000189753
29 3.42453e-05
30 0.000266343
31 0.000328609
32 0.000147689
33 -0.000172905
34 -0.000407016
35 -0.000362737
36 -3.50694e-05
37 0.000364253
38 0.000539702
39 0.000327322
40 -0.000162125
41 -0.00059179
42 -0.000626852
43 -0.000190434
44 0.000445072
45 0.000821827
46 0.00062215
47 -7.26564e-05
48 -0.000795745
49 -0.00100302
50 -0.000476837
51 0.00047057
52 0.001172
53 0.00106957
54 0.000149326
55 -0.000986566
56 -0.0015058
57 -0.000948934
58 0.000382613
59 0.00157077
60 0.00170611
61 0.000574215
62 -0.00110864
63 -0.0021361
64 -0.00166799
65 9.949e-05
66 0.00197393
67 0.00256028
68 0.00128809
69 -0.00107658
70 -0.00287152
71 -0.00269575
72 -0.000486152
73 0.00230325
74 0.00364215
75 0.00238867
76 -0.000769597
77 -0.00365441
78 -0.0040844
79 -0.00150649
80 0.00243687
81 0.0049296
82 0.00397698
83 -2.80272e-05
84 -0.00437837
85 -0.005862
86 -0.00311333
87 0.00220075
88 0.0063513
89 0.00614354
90 0.00134612
91 -0.00487423
92 -0.00801317
93 -0.00546693
94 0.0013632
95 0.00776747
96 0.00894827
97 0.00358265
98 -0.00489756
99 -0.0104552
100 -0.00871732
101 -0.00036167
102 0.00877431
103 0.0120328
104 0.006662
105 -0.00392383
106 -0.0122747
107 -0.012128
108 -0.00307784
109 0.00877366
110 0.0149022
111 0.0104709
112 -0.00190004
113 -0.0136118
114 -0.016039
115 -0.00685502
116 0.00789079
117 0.0177169
118 0.0151357
119 0.00131737
120 -0.0142647
121 -0.0202972
122 -0.0118124
123 0.0058067
124 0.0201782
125 0.0205937
126 0.00595864
127 -0.0138619
128 -0.0246504
129 -0.0180043
130 0.00218498
131 0.0218959
132 0.0266794
133 0.0122123
134 -0.0119798
135 -0.0287333
136 -0.0253893
137 -0.00330151
138 0.0223927
139 0.0331011
140 0.0201906
141 -0.00816424
142 -0.0320608
143 -0.0337979
144 -0.0109351
145 0.0211166
146 0.0394217
147 0.02989
148 -0.00196354
149 -0.0340299
150 -0.0429022
151 -0.0209101
152 0.0174679
153 0.0450484
154 0.0411501
155 0.00702794
156 -0.0339356
157 -0.0521902
158 -0.0332828
159 0.0108384
160 0.0492337
161 0.0536141
162 0.0191158
163 -0.0310012
164 -0.0609511
165 -0.0479198
166 0.000664669
167 0.0510926
168 0.0666954
169 0.0344441
170 -0.0244258
171 -0.0682739
172 -0.0644475
173 -0.0135054
174 0.0496378
175 0.0795569
176 0.0529301
177 -0.0134494
178 -0.0730664
179 -0.0822096
180 -0.0319371
181 0.0438369
182 0.0911075
183 0.0742014
184 0.00256748
185 -0.0740964
186 -0.100239
187 -0.0546285
188 0.0326894
189 0.100022
190 0.0975416
191 0.024051
192 -0.0700578
193 -0.117249
194 -0.0812323
195 0.015323
196 0.104787
197 0.121854
198 0.0511165
199 -0.0596628
200 -0.131658
201 -0.110988
202 -0.00889486
203 0.10378
204 0.145648
205 0.0834728
206 -0.0417565
207 -0.141638
208 -0.142677
209 -0.0402398
210 0.0953782
211 0.167064
212 0.120339
213 -0.0154487
214 -0.145208
215 -0.1746
216 -0.0785144
217 0.0780892
218 0.183928
219 0.160385
220 0.0197449
221 -0.140358
222 -0.204602
223 -0.122947
224 0.0507113
225 0.193861
226 0.201708
227 0.063765
228 -0.125206
229 -0.230141
230 -0.17212
231 0.0124971
232 0.194416
233 0.241851
234 0.115888
235 -0.0981792
236 -0.248398
237 -0.223934
238 -0.0366824
239 0.183266
240 0.277879
241 0.174634
242 -0.0582106
243 -0.256448
244 -0.275629
245 -0.096195
246 0.158411
247 0.306506
248 0.237731
249 -0.00492698
250 -0.251465
251 -0.323867
252 -0.16454
253 0.118404
254 0.324288
255 0.302122
256 0.0611822
257 -0.230965
258 -0.364874
259 -0.239295
260 0.0625672
261 0.327853
262 0.364065
263 0.138638
264 -0.193059
265 -0.394651
266 -0.31713
267 -0.0088073
268 0.314178
269 0.419283
270 0.224909
271 -0.136709
272 -0.409242
273 -0.393904
274 -0.0943156
275 0.280877
276 0.463204
277 0.316419
278 -0.0619457
279 -0.405039
280 -0.464839
281 -0.191361
282 0.226488
283 0.491256
284 0.408649
285 0.0299575
286 -0.379106
287 -0.524779
288 -0.296162
289 0.150724
290 0.499206
291 0.496333
292 0.136394
293 -0.3295
294 -0.568517
295 -0.403858
296 0.0546633
297 0.483524
298 0.573735
299 0.253427
300 -0.255553
301 -0.591171
302 -0.508719
303 -0.059137
304 0.441736
305 0.63501
306 0.375899
307 -0.158091
308 -0.58858
309 -0.604449
310 -0.186644
311 0.372737
312 0.674612
313 0.497657
314 -0.0395511
315 -0.557698
316 -0.684574
317 -0.322462
318 0.277034
319 0.687729
320 0.611881
321 0.0960027
322 -0.496932
323 -0.74289
324 -0.46007
325 0.156883
326 0.67071
327 0.711498
328 0.243005
329 -0.406411
330 -0.773926
331 -0.592174
332 0.016301
333 0.621432
334 0.789661
335 0.394634
336 -0.288138
337 -0.773407
338 -0.711146
339 -0.13905
340 0.539594
341 0.840253
342 0.543188
343 -0.146014
344 -0.73865
345 -0.809537
346 -0.302131
347 0.426882
348 0.85837
349 0.680547
350 0.0142907
351 -0.668879
352 -0.880606
353 -0.464909
354 0.287003
355 0.840752
356 0.798712
357 0.185603
358 -0.565405
359 -0.918836
360 -0.618849
361 0.12555
362 0.786115
363 0.890364
364 0.359654
365 -0.431664
366 -0.920388
367 -0.755474
368 -0.0502656
369 0.695343
370 0.949403
371 0.527583
372 -0.27309
373 -0.883445
374 -0.866948
375 -0.232037
376 0.571534
377 0.971422
378 0.680522
379 -0.0968305
380 -0.808427
381 -0.946635
382 -0.410681
383 0.419877
384 0.954069
385 0.810193
386 0.0886743
387 -0.698035
388 -0.989588
389 -0.577036
390 0.24736
391 0.897267
392 0.909485
393 0.274229
394 -0.557131
395 -0.992928
396 -0.722473
397 0.0623464
398 0.803272
399 0.97296
400 0.450483
401 -0.392452
402 -0.95607
403 -0.839484
404 -0.125967
405 0.676551
406 0.997233
407 0.608559
408 -0.212177
409 -0.880786
410 -0.922195
411 -0.308159
412 0.5235
413 0.981212
414 0.740641
415 -0.0253881
416 -0.771089
417 -0.966757
418 -0.475209
419 0.352014
420 0.926162
421 0.840492
422 0.158535
423 -0.632957
424 -0.971585
425 -0.61909
426 0.170949
427 0.835599
428 0.90385
429 0.330543
430 -0.473907
431 -0.937429
432 -0.733288
433 -0.0104723
434 0.715013
435 0.928665
436 0.482503
437 -0.302466
438 -0.867275
439 -0.813186
440 -0.183285
441 0.571463
442 0.915181
443 0.607709
444 -0.127589
445 -0.766079
446 -0.856318
447 -0.339353
448 0.413054
449 0.865838
450 0.70127
451 0.0419508
452 -0.640369
453 -0.862439
454 -0.471877
455 0.248372
456 0.78502
457 0.76035
458 0.198122
459 -0.49775
460 -0.833443
461 -0.575766
462 0.085896
463 0.678675
464 0.784252
465 0.334123
466 -0.346349
467 -0.773123
468 -0.647882
469 -0.0665458
470 0.553839
471 0.774339
472 0.44475
473 -0.194259
474 -0.686813
475 -0.68712
476 -0.202244
477 0.41811
478 0.733811
479 0.52663
480 -0.0490145
481 -0.580929
482 -0.69434
483 -0.315964
484 0.279112
485 0.667365
486 0.578304
487 0.0828563
488 -0.462482
489 -0.672159
490 -0.404171
491 0.144006
492 0.580772
493 0.600169
494 0.19617
495 -0.338565
496 -0.624639
497 -0.465115
498 0.0190603
499 0.48041
500 0.594288
501 0.287303
502 -0.215895
503 -0.556888
504 -0.498779
505 -0.0906691
506 0.372795
507 0.564098
508 0.354278
509 -0.100413
510 -0.474631
511 -0.506708
512 -0.181543
513 0.264147
514 0.51405
515 0.396722
516 0.00302232
517 -0.383774
518 -0.491744
519 -0.251423
520 0.16002
521 0.449208
522 0.415709
523 0.0908217
524 -0.290002
525 -0.457698
526 -0.299638
527 0.0650195
528 0.374852
529 0.413527
530 0.160751
531 -0.19844
532 -0.408983
533 -0.326849
534 -0.0173771
535 0.296111
536 0.393377
537 0.211906
538 -0.113391
539 -0.350254
540 -0.334837
541 -0.0849016
542 0.217651
543 0.359043
544 0.244591
545 -0.0381671
546 -0.286076
547 -0.326235
548 -0.136476
549 0.143436
550 0.314572
551 0.260136
552 0.0249832
553 -0.220639
554 -0.304236
555 -0.172111
556 0.0765721
557 0.26397
558 0.260658
559 0.0748678
560 -0.157544
561 -0.272304
562 -0.192744
563 0.0192367
564 0.210951
565 0.248801
566 0.111264
567 -0.0996583
568 -0.233905
569 -0.200031
570 -0.0273165
571 0.158737
572 0.227484
573 0.134775
574 -0.0490499
575 -0.192283
576 -0.196121
577 -0.0626873
578 0.109936
579 0.199663
580 0.146658
581 -0.00698559
582 -0.150285
583 -0.183433
584 -0.0872086
585 0.0664745
586 0.168132
587 0.148621
588 0.0260102
589 -0.110243
590 -0.164449
591 -0.101794
592 0.0295923
593 0.135367
594 0.142633
595 0.0500547
596 -0.0739207
597 -0.141539
598 -0.107769
599 -0.000108695
600 0.103426
601 0.130744
602 0.0657778
603 -0.0424989
604 -0.116826
605 -0.106706
606 -0.022582
607 0.0738923
608 0.114936
609 0.0741797
610 -0.0166168
611 -0.0920967
612 -0.100271
613 -0.0382288
614 0.0478644
615 0.0970009
616 0.0764901
617 0.00356191
618 -0.06875
619 -0.0900932
620 -0.0477786
621 0.0259856
622 0.0784668
623 0.0740379
624 0.0182598
625 -0.0477853
626 -0.0776641
627 -0.0521707
628 0.00849688
629 0.0605477
630 0.0681409
631 0.0279866
632 -0.0298234
633 -0.0642679
634 -0.052445
635 -0.00468991
636 0.0441338
637 0.0600196
638 0.0334412
639 -0.0151496
640 -0.0509416
641 -0.0496488
642 -0.0139112
643 0.0298051
644 0.0507372
645 0.0354201
646 -0.00377203
647 -0.0384623
648 -0.0447644
649 -0.0196709
650 0.0178645
651 0.041164
652 0.0347406
653 0.00451319
654 -0.0273559
655 -0.0386573
656 -0.0225652
657 0.00838454
658 0.0319651
659 0.0321794
660 0.0100558
661 -0.0179232
662 -0.0320457
663 -0.0232192
664 0.00125931
665 0.0236055
666 0.0284291
667 0.0132905
668 -0.0102754
669 -0.025488
670 -0.0222358
671 -0.00374239
672 0.016369
673 0.0240719
674 0.0146853
675 -0.00437577
676 -0.0193852
677 -0.0201597
678 -0.00692826
679 0.0103862
680 0.019568
681 0.0146992
682 -8.15607e-05
683 -0.0139953
684 -0.0174545
685 -0.0086402
686 0.00566623
687 0.0152557
688 0.0137527
689 0.00281726
690 -0.00945329
691 -0.0144921
692 -0.00922066
693 0.00212992
694 0.0113613
695 0.0122081
696 0.00456411
697 -0.00579643
698 -0.0115518
699 -0.00898793
700 -0.00035974
701 0.00801464
702 0.0103604
703 0.00540876
704 -0.00298934
705 -0.00882653
706 -0.00822006
707 -0.00197089
708 0.00526756
709 0.00843523
710 0.0055873
711 -0.000947908
712 -0.00643446
713 -0.0071464
714 -0.00288131
715 0.00311323
716 0.0065928
717 0.00530888
718 0.000439957
719 -0.00443255
720 -0.00594537
721 -0.00326237
722 0.00150447
723 0.00493618
724 0.0047484
725 0.00129742
726 -0.00283113
727 -0.00474681
728 -0.00326822
729 0.000369772
730 0.00352117
731 0.00404405
732 0.00174602
733 -0.00160774
734 -0.00363746
735 -0.00302953
736 -0.000373614
737 0.00236709
738 0.0032985
739 0.00189693
740 -0.000719306
741 -0.00266816
742 -0.00265113
743 -0.000809717
744 0.00146712
745 0.00258253
746 0.00184578
747 -0.000112211
748 -0.0018617
749 -0.00221233
750 -0.00101692
751 0.00079739
752 0.00194009
753 0.00167041
754 0.000270048
755 -0.00122034
756 -0.00176927
757 -0.00106373
758 0.000324664
759 0.00139389
760 0.0014307
761 0.000481407
762 -0.000732686
763 -0.00135838
764 -0.00100668
765 1.2135e-05
766 0.000950886
767 0.00117003
768 0.000569819
769 -0.00037925
770 -0.00100029
771 -0.000889989
772 -0.000176346
773 0.00060723
774 0.000917517
775 0.000575476
776 -0.000136937
777 -0.000703737
778 -0.000746316
779 -0.000273559
780 0.000352429
781 0.000690757
782 0.000530286
783 1.77847e-05
784 -0.000469126
785 -0.000598228
786 -0.000307423
787 0.000172627
788 0.000498534
789 0.000458243
790 0.000106759
791 -0.000291547
792 -0.00046002
793 -0.000300447
794 5.30009e-05
795 0.000343341
796 0.00037633
797 0.000148926
798 -0.000163163
799 -0.000339585
800 -0.000269836
801 -2.06093e-05
802 0.000223526
803 0.000295711
804 0.000159795
805 -7.4993e-05
806 -0.000240165
807 -0.000228027
808 -6.07347e-05
809 0.000135023
810 0.000222987
811 0.000151413
812 -1.81316e-05
813 -0.000161859
814 -0.000183444
815 -7.78088e-05
816 7.26416e-05
817 0.000161391
818 0.000132651
819 1.54935e-05
820 -0.000102842
821 -0.00014132
822 -8.00652e-05
823 3.09708e-05
824 0.000111827
825 0.00010967
826 3.27288e-05
827 -6.02961e-05
828 -0.000104502
829 -7.36728e-05
830 4.95851e-06
831 7.37225e-05
832 8.64449e-05
833 3.90657e-05
834 -3.10655e-05
835 -7.41497e-05
836 -6.30075e-05
837 -9.77188e-06
838 4.56804e-05
839 6.52951e-05
840 3.86869e-05
841 -1.20874e-05
842 -5.03251e-05
843 -5.0982e-05
844 -1.67922e-05
845 2.59507e-05
846 4.73478e-05
847 3.46164e-05
848 -6.4075e-07
849 -3.24392e-05
850 -3.93811e-05
851 -1.88677e-05
852 1.27431e-05
853 3.29323e-05
854 2.89189e-05
855 5.53807e-06
856 -1.95844e-05
857 -2.91675e-05
858 -1.80335e-05
859 4.4162e-06
860 2.18873e-05
861 2.29086e-05
862 8.23135e-06
863 -1.07584e-05
864 -2.07398e-05
865 -1.57093e-05
866 -4.25805e-07
867 1.37876e-05
868 1.73444e-05
869 8.77302e-06
870 -5.0042e-06
871 -1.41384e-05
872 -1.28267e-05
873 -2.9021e-06
874 8.10197e-06
875 1.25968e-05
876 8.11191e-06
877 -1.48551e-06
878 -9.19891e-06
879 -9.95067e-06
880 -3.8645e-06
881 4.29329e-06
882 8.78272e-06
883 6.88641e-06
884 4.81637e-07
885 -5.65972e-06
886 -7.38515e-06
887 -3.92981e-06
888 1.87637e-06
889 5.86718e-06
890 5.49828e-06
891 1.427e-06
892 -3.23325e-06
893 -5.25971e-06
894 -3.52214e-06
895 4.44908e-07
896 3.73579e-06
897 4.17823e-06
898 1.74084e-06
899 -1.6478e-06
900 -3.59555e-06
901 -2.91639e-06
902 -3.21778e-07
903 2.24345e-06
904 3.04015e-06
905 1.69675e-06
906 -6.69271e-07
907 -2.35334e-06
908 -2.27794e-06
909 -6.64052e-07
910 1.2442e-06
911 2.12326e-06
912 1.47648e-06
913 -1.08922e-07
914 -1.46585e-06
915 -1.69602e-06
916 -7.53466e-07
917 6.07607e-07
918 1.42298e-06
919 1.19333e-06
920 1.77305e-07
921 -8.58553e-07
922 -1.20996e-06
923 -7.06449e-07
924 2.25822e-07
925 9.12306e-07
926 9.12189e-07
927 2.94038e-07
928 -4.61481e-07
929 -8.28667e-07
930 -5.97678e-07
931 1.48919e-08
932 5.55656e-07
933 6.65552e-07
934 3.13666e-07
935 -2.14952e-07
936 -5.44402e-07
937 -4.71822e-07
938 -8.72538e-08
939 3.17141e-07
940 4.65571e-07
941 2.83739e-07
942 -7.14456e-08
943 -3.418e-07
944 -3.53083e-07
945 -1.24341e-07
946 1.64889e-07
947 3.12669e-07
948 2.33667e-07
949 4.84301e-09
950 -2.03462e-07
951 -2.52495e-07
952 -1.257e-07
953 7.28214e-08
954 2.0133e-07
955 1.80275e-07
956 3.9589e-08
957 -1.13047e-07
958 -1.73199e-07
959 -1.09968e-07
960 2.08737e-08
961 1.2375e-07
962 1.32111e-07
963 5.03448e-08
964 -5.67175e-08
965 -1.14055e-07
966 -8.82435e-08
967 -5.60878e-09
968 7.1954e-08
969 9.26091e-08
970 4.85241e-08
971 -2.35659e-08
972 -7.19697e-08
973 -6.65683e-08
974 -1.6828e-08
975 3.88731e-08
976 6.2294e-08
977 4.11379e-08
978 -5.46507e-09
979 -4.32939e-08
980 -4.7784e-08
981 -1.95542e-08
982 1.8766e-08
983 4.02209e-08
984 3.21941e-08
985 3.34595e-09
986 -2.45727e-08
987 -3.28389e-08
988 -1.8054e-08
989 7.25893e-09
990 2.48668e-08
991 2.37574e-08
992 6.76304e-09
993 -1.28905e-08
994 -2.16614e-08
995 -1.48573e-08
996 1.19147e-09
997 1.46343e-08
998 1.6708e-08
999 7.2961e-09
1000 -5.9663e-09
1001 -1.37117e-08
1002 -1.13482e-08
1003 -1.61294e-09
1004 8.10202e-09
1005 1.1258e-08
1006 6.47712e-09
1007 -2.11712e-09
1008 -8.30418e-09
1009 -8.1951e-09
1010 -2.58465e-09
1011 4.12031e-09
1012 7.28221e-09
1013 5.1814e-09
1014 -1.62044e-10
1015 -4.77902e-09
1016 -5.64779e-09
1017 -2.61808e-09
1018 1.82026e-09
1019 4.51876e-09
1020 3.86521e-09
1021 6.89636e-10
1022 -2.57859e-09
1023 -3.73144e-09
1024 -2.24153e-09
1025 5.79862e-10
1026 2.6801e-09
1027 2.73248e-09
1028 9.42932e-10
1029 -1.26882e-09
1030 -2.36684e-09
1031 -1.74516e-09
1032 -2.5129e-11
1033 1.50755e-09
1034 1.84566e-09
1035 9.04257e-10
1036 -5.31968e-10
1037 -1.43952e-09
1038 -1.2722e-09
1039 -2.71004e-10
1040 7.91969e-10
1041 1.19573e-09
1042 7.48516e-10
1043 -1.47064e-10
1044 -8.35899e-10
1045 -8.80694e-10
1046 -3.2927e-10
1047 3.76187e-10
1048 7.43701e-10
1049 5.67766e-10
1050 3.24967e-11
1051 -4.59312e-10
1052 -5.8311e-10
1053 -3.00829e-10
1054 1.48566e-10
1055 4.43273e-10
1056 4.04676e-10
1057 9.95998e-11
1058 -2.34661e-10
1059 -3.70454e-10
1060 -2.4125e-10
1061 3.3616e-11
1062 2.51923e-10
1063 2.74395e-10
1064 1.10273e-10
1065 -1.07298e-10
1066 -2.25913e-10
1067 -1.78445e-10
1068 -1.74136e-11
1069 1.35139e-10
1070 1.78109e-10
1071 9.64519e-11
1072 -3.95158e-11
1073 -1.31934e-10
1074 -1.2441e-10
1075 -3.45737e-11
1076 6.70542e-11
1077 1.10962e-10
1078 7.50664e-11
1079 -6.49886e-12
1080 -7.33591e-11
1081 -8.26461e-11
1082 -3.54712e-11
1083 2.94122e-11
1084 6.63416e-11
1085 5.41864e-11
1086 7.35561e-12
1087 -3.83892e-11
1088 -5.25965e-11
1089 -2.98172e-11
1090 9.96062e-12
1091 3.79536e-11
1092 3.69679e-11
1093 1.1405e-11
1094 -1.84705e-11
1095 -3.21329e-11
1096 -2.25539e-11
1097 8.47679e-13
1098 2.06379e-11
1099 2.40645e-11
1100 1.09714e-11
1101 -7.73835e-12
1102 -1.8833e-11
1103 -1.58989e-11
1104 -2.73426e-12
1105 1.05269e-11
1106 1.50166e-11
1107 8.89115e-12
1108 -2.36113e-12
1109 -1.05519e-11
1110 -1.06179e-11
1111 -3.58975e-12
1112 4.90206e-12
1113 8.99614e-12
1114 6.54437e-12
1115 5.31647e-14
1116 -5.60858e-12
1117 -6.77409e-12
1118 -3.26604e-12
1119 1.95082e-12
1120 5.16807e-12
1121 4.50792e-12
1122 9.30901e-13
1123 -2.78576e-12
1124 -4.14502e-12
1125 -2.55814e-12
1126 5.19567e-13
1127 2.83505e-12
1128 2.94791e-12
1129 1.08115e-12
1130 -1.25272e-12
1131 -2.43493e-12
1132 -1.83422e-12
1133 -9.34847e-14
1134 1.47215e-12
1135 1.84353e-12
1136 9.36393e-13
1137 -4.70146e-13
1138 -1.37086e-12
1139 -1.23523e-12
1140 -2.95864e-13
1141 7.11237e-13
1142 1.10618e-12
1143 7.1037e-13
1144 -1.03571e-13
1145 -7.36051e-13
1146 -7.91172e-13
1147 -3.12211e-13
1148 3.08009e-13
1149 6.37136e-13
1150 4.96627e-13
1151 4.53414e-14
1152 -3.73164e-13
1153 -4.85047e-13
1154 -2.58718e-13
1155 1.0797e-13
1156 3.51475e-13
1157 3.27125e-13
1158 8.87173e-14
1159 -1.7513e-13
1160 -2.85406e-13
1161 -1.90434e-13
1162 1.76939e-14
1163 1.84643e-13
1164 2.05268e-13
1165 8.65803e-14
1166 -7.27932e-14
1167 -1.61169e-13
1168 -1.29913e-13
1169 -1.68136e-14
1170 9.13302e-14
1171 1.23383e-13
1172 6.89185e-14
1173 -2.35179e-14
1174 -8.7098e-14
1175 -8.3733e-14
1176 -2.52627e-14
1177 4.15722e-14
1178 7.11932e-14
1179 4.92934e-14
1180 -2.16146e-15
1181 -4.47497e-14
1182 -5.14848e-14
1183 -2.30839e-14
1184 1.65155e-14
1185 3.94115e-14
1186 3.28368e-14
1187 5.43771e-15
1188 -2.15777e-14
1189 -3.03436e-14
1190 -1.77075e-14
1191 4.82368e-15
1192 2.08597e-14
1193 2.07167e-14
1194 6.86063e-15
1195 -9.50878e-15
1196 -1.7169e-14
1197 -1.23224e-14
1198 -2.3396e-17
1199 1.04768e-14
