8 0 0 17 120 120 103 10
8 45 58.75 45 75 58.8317 46 1 1 1 0 0
8 45 58.75 46 75 58.8317 47 1 1 1 0 0
8 45 58.75 47 75 58.8317 48 1 -5.88197e+14 1 1.27147e+14 0
8 45 58.75 48 75 58.8317 49 1 1 1 0 0
8 45 58.75 49 75 58.8317 50 1 1 1 0 0
8 45 58.75 50 75 58.8317 51 1 -5.88197e+14 1 1.27147e+14 0
8 45 58.75 51 75 58.8317 52 1 1 1 0 0
8 45 58.75 52 75 58.8317 53 1 1 1 0 0
8 45 58.75 53 75 58.8317 54 1 -5.88197e+14 1 1.27147e+14 0
8 45 58.75 54 75 58.8317 55 1 1 1 0 0
8 45 58.75 55 75 58.8317 56 1 1 1 0 0
8 45 58.75 56 75 58.8317 57 1 -5.88197e+14 1 1.27147e+14 0
8 45 58.75 57 75 58.8317 58 1 1 1 0 0
8 45 58.75 58 75 58.8317 59 1 1 1 0 0
8 45 58.75 59 75 58.8317 60 1 -5.88197e+14 1 1.27147e+14 0
8 45 58.75 60 75 58.8317 61 1 1 1 0 0
8 45 58.75 61 75 58.8317 62 1 1 1 0 0
8 45 58.75 62 75 58.8317 63 1 -5.88197e+14 1 1.27147e+14 0
8 45 58.75 63 75 58.8317 64 1 1 1 0 0
8 45 58.75 64 75 58.8317 65 1 1 1 0 0
8 45 58.75 65 75 58.8317 66 1 -5.88197e+14 1 1.27147e+14 0
8 45 58.75 66 75 58.8317 67 1 1 1 0 0
8 45 58.75 67 75 58.8317 68 1 1 1 0 0
8 45 58.75 68 75 58.8317 69 1 -5.88197e+14 1 1.27147e+14 0
8 45 58.75 69 75 58.8317 70 1 1 1 0 0
8 45 58.75 70 75 58.8317 71 1 1 1 0 0
8 45 58.75 71 75 58.8317 72 1 -5.88197e+14 1 1.27147e+14 0
8 45 58.75 72 75 58.8317 73 1 1 1 0 0
8 45 58.75 73 75 58.8317 74 1 1 1 0 0
8 45 58.75 74 75 58.8317 75 1 -5.88197e+14 1 1.27147e+14 0
8 45 58.8317 45 75 58.9133 46 1 1 1 0 0
8 45 58.8317 46 75 58.9133 47 1 -5.88197e+14 1 1.27147e+14 0
8 45 58.8317 47 75 58.9133 48 1 1 1 0 0
8 45 58.8317 48 75 58.9133 49 1 1 1 0 0
8 45 58.8317 49 75 58.9133 50 1 -5.88197e+14 1 1.27147e+14 0
8 45 58.8317 50 75 58.9133 51 1 1 1 0 0
8 45 58.8317 51 75 58.9133 52 1 1 1 0 0
8 45 58.8317 52 75 58.9133 53 1 -5.88197e+14 1 1.27147e+14 0
8 45 58.8317 53 75 58.9133 54 1 1 1 0 0
8 45 58.8317 54 75 58.9133 55 1 1 1 0 0
8 45 58.8317 55 75 58.9133 56 1 -5.88197e+14 1 1.27147e+14 0
8 45 58.8317 56 75 58.9133 57 1 1 1 0 0
8 45 58.8317 57 75 58.9133 58 1 1 1 0 0
8 45 58.8317 58 75 58.9133 59 1 -5.88197e+14 1 1.27147e+14 0
8 45 58.8317 59 75 58.9133 60 1 1 1 0 0
8 45 58.8317 60 75 58.9133 61 1 1 1 0 0
8 45 58.8317 61 75 58.9133 62 1 -5.88197e+14 1 1.27147e+14 0
8 45 58.8317 62 75 58.9133 63 1 1 1 0 0
8 45 58.8317 63 75 58.9133 64 1 1 1 0 0
8 45 58.8317 64 75 58.9133 65 1 -5.88197e+14 1 1.27147e+14 0
8 45 58.8317 65 75 58.9133 66 1 1 1 0 0
8 45 58.8317 66 75 58.9133 67 1 1 1 0 0
8 45 58.8317 67 75 58.9133 68 1 -5.88197e+14 1 1.27147e+14 0
8 45 58.8317 68 75 58.9133 69 1 1 1 0 0
8 45 58.8317 69 75 58.9133 70 1 1 1 0 0
8 45 58.8317 70 75 58.9133 71 1 -5.88197e+14 1 1.27147e+14 0
8 45 58.8317 71 75 58.9133 72 1 1 1 0 0
8 45 58.8317 72 75 58.9133 73 1 1 1 0 0
8 45 58.8317 73 75 58.9133 74 1 -5.88197e+14 1 1.27147e+14 0
8 45 58.8317 74 75 58.9133 75 1 1 1 0 0
8 45 58.9133 45 75 58.995 46 1 -5.88197e+14 1 1.27147e+14 0
8 45 58.9133 46 75 58.995 47 1 1 1 0 0
8 45 58.9133 47 75 58.995 48 1 1 1 0 0
8 45 58.9133 48 75 58.995 49 1 -5.88197e+14 1 1.27147e+14 0
8 45 58.9133 49 75 58.995 50 1 1 1 0 0
8 45 58.9133 50 75 58.995 51 1 1 1 0 0
8 45 58.9133 51 75 58.995 52 1 -5.88197e+14 1 1.27147e+14 0
8 45 58.9133 52 75 58.995 53 1 1 1 0 0
8 45 58.9133 53 75 58.995 54 1 1 1 0 0
8 45 58.9133 54 75 58.995 55 1 -5.88197e+14 1 1.27147e+14 0
8 45 58.9133 55 75 58.995 56 1 1 1 0 0
8 45 58.9133 56 75 58.995 57 1 1 1 0 0
8 45 58.9133 57 75 58.995 58 1 -5.88197e+14 1 1.27147e+14 0
8 45 58.9133 58 75 58.995 59 1 1 1 0 0
8 45 58.9133 59 75 58.995 60 1 1 1 0 0
8 45 58.9133 60 75 58.995 61 1 -5.88197e+14 1 1.27147e+14 0
8 45 58.9133 61 75 58.995 62 1 1 1 0 0
8 45 58.9133 62 75 58.995 63 1 1 1 0 0
8 45 58.9133 63 75 58.995 64 1 -5.88197e+14 1 1.27147e+14 0
8 45 58.9133 64 75 58.995 65 1 1 1 0 0
8 45 58.9133 65 75 58.995 66 1 1 1 0 0
8 45 58.9133 66 75 58.995 67 1 -5.88197e+14 1 1.27147e+14 0
8 45 58.9133 67 75 58.995 68 1 1 1 0 0
8 45 58.9133 68 75 58.995 69 1 1 1 0 0
8 45 58.9133 69 75 58.995 70 1 -5.88197e+14 1 1.27147e+14 0
8 45 58.9133 70 75 58.995 71 1 1 1 0 0
8 45 58.9133 71 75 58.995 72 1 1 1 0 0
8 45 58.9133 72 75 58.995 73 1 -5.88197e+14 1 1.27147e+14 0
8 45 58.9133 73 75 58.995 74 1 1 1 0 0
8 45 58.9133 74 75 58.995 75 1 1 1 0 0
8 45 58.995 45 75 59.0767 46 1 1 1 0 0
8 45 58.995 46 75 59.0767 47 1 1 1 0 0
8 45 58.995 47 75 59.0767 48 1 -5.88197e+14 1 1.27147e+14 0
8 45 58.995 48 75 59.0767 49 1 1 1 0 0
8 45 58.995 49 75 59.0767 50 1 1 1 0 0
8 45 58.995 50 75 59.0767 51 1 -5.88197e+14 1 1.27147e+14 0
8 45 58.995 51 75 59.0767 52 1 1 1 0 0
8 45 58.995 52 75 59.0767 53 1 1 1 0 0
8 45 58.995 53 75 59.0767 54 1 -5.88197e+14 1 1.27147e+14 0
8 45 58.995 54 75 59.0767 55 1 1 1 0 0
8 45 58.995 55 75 59.0767 56 1 1 1 0 0
8 45 58.995 56 75 59.0767 57 1 -5.88197e+14 1 1.27147e+14 0
8 45 58.995 57 75 59.0767 58 1 1 1 0 0
8 45 58.995 58 75 59.0767 59 1 1 1 0 0
8 45 58.995 59 75 59.0767 60 1 -5.88197e+14 1 1.27147e+14 0
8 45 58.995 60 75 59.0767 61 1 1 1 0 0
8 45 58.995 61 75 59.0767 62 1 1 1 0 0
8 45 58.995 62 75 59.0767 63 1 -5.88197e+14 1 1.27147e+14 0
8 45 58.995 63 75 59.0767 64 1 1 1 0 0
8 45 58.995 64 75 59.0767 65 1 1 1 0 0
8 45 58.995 65 75 59.0767 66 1 -5.88197e+14 1 1.27147e+14 0
8 45 58.995 66 75 59.0767 67 1 1 1 0 0
8 45 58.995 67 75 59.0767 68 1 1 1 0 0
8 45 58.995 68 75 59.0767 69 1 -5.88197e+14 1 1.27147e+14 0
8 45 58.995 69 75 59.0767 70 1 1 1 0 0
8 45 58.995 70 75 59.0767 71 1 1 1 0 0
8 45 58.995 71 75 59.0767 72 1 -5.88197e+14 1 1.27147e+14 0
8 45 58.995 72 75 59.0767 73 1 1 1 0 0
8 45 58.995 73 75 59.0767 74 1 1 1 0 0
8 45 58.995 74 75 59.0767 75 1 -5.88197e+14 1 1.27147e+14 0
8 45 59.0767 45 75 59.1583 46 1 1 1 0 0
8 45 59.0767 46 75 59.1583 47 1 -5.88197e+14 1 1.27147e+14 0
8 45 59.0767 47 75 59.1583 48 1 1 1 0 0
8 45 59.0767 48 75 59.1583 49 1 1 1 0 0
8 45 59.0767 49 75 59.1583 50 1 -5.88197e+14 1 1.27147e+14 0
8 45 59.0767 50 75 59.1583 51 1 1 1 0 0
8 45 59.0767 51 75 59.1583 52 1 1 1 0 0
8 45 59.0767 52 75 59.1583 53 1 -5.88197e+14 1 1.27147e+14 0
8 45 59.0767 53 75 59.1583 54 1 1 1 0 0
8 45 59.0767 54 75 59.1583 55 1 1 1 0 0
8 45 59.0767 55 75 59.1583 56 1 -5.88197e+14 1 1.27147e+14 0
8 45 59.0767 56 75 59.1583 57 1 1 1 0 0
8 45 59.0767 57 75 59.1583 58 1 1 1 0 0
8 45 59.0767 58 75 59.1583 59 1 -5.88197e+14 1 1.27147e+14 0
8 45 59.0767 59 75 59.1583 60 1 1 1 0 0
8 45 59.0767 60 75 59.1583 61 1 1 1 0 0
8 45 59.0767 61 75 59.1583 62 1 -5.88197e+14 1 1.27147e+14 0
8 45 59.0767 62 75 59.1583 63 1 1 1 0 0
8 45 59.0767 63 75 59.1583 64 1 1 1 0 0
8 45 59.0767 64 75 59.1583 65 1 -5.88197e+14 1 1.27147e+14 0
8 45 59.0767 65 75 59.1583 66 1 1 1 0 0
8 45 59.0767 66 75 59.1583 67 1 1 1 0 0
8 45 59.0767 67 75 59.1583 68 1 -5.88197e+14 1 1.27147e+14 0
8 45 59.0767 68 75 59.1583 69 1 1 1 0 0
8 45 59.0767 69 75 59.1583 70 1 1 1 0 0
8 45 59.0767 70 75 59.1583 71 1 -5.88197e+14 1 1.27147e+14 0
8 45 59.0767 71 75 59.1583 72 1 1 1 0 0
8 45 59.0767 72 75 59.1583 73 1 1 1 0 0
8 45 59.0767 73 75 59.1583 74 1 -5.88197e+14 1 1.27147e+14 0
8 45 59.0767 74 75 59.1583 75 1 1 1 0 0
8 45 59.1583 45 75 59.24 46 1 -5.88197e+14 1 1.27147e+14 0
8 45 59.1583 46 75 59.24 47 1 1 1 0 0
8 45 59.1583 47 75 59.24 48 1 1 1 0 0
8 45 59.1583 48 75 59.24 49 1 -5.88197e+14 1 1.27147e+14 0
8 45 59.1583 49 75 59.24 50 1 1 1 0 0
8 45 59.1583 50 75 59.24 51 1 1 1 0 0
8 45 59.1583 51 75 59.24 52 1 -5.88197e+14 1 1.27147e+14 0
8 45 59.1583 52 75 59.24 53 1 1 1 0 0
8 45 59.1583 53 75 59.24 54 1 1 1 0 0
8 45 59.1583 54 75 59.24 55 1 -5.88197e+14 1 1.27147e+14 0
8 45 59.1583 55 75 59.24 56 1 1 1 0 0
8 45 59.1583 56 75 59.24 57 1 1 1 0 0
8 45 59.1583 57 75 59.24 58 1 -5.88197e+14 1 1.27147e+14 0
8 45 59.1583 58 75 59.24 59 1 1 1 0 0
8 45 59.1583 59 75 59.24 60 1 1 1 0 0
8 45 59.1583 60 75 59.24 61 1 -5.88197e+14 1 1.27147e+14 0
8 45 59.1583 61 75 59.24 62 1 1 1 0 0
8 45 59.1583 62 75 59.24 63 1 1 1 0 0
8 45 59.1583 63 75 59.24 64 1 -5.88197e+14 1 1.27147e+14 0
8 45 59.1583 64 75 59.24 65 1 1 1 0 0
8 45 59.1583 65 75 59.24 66 1 1 1 0 0
8 45 59.1583 66 75 59.24 67 1 -5.88197e+14 1 1.27147e+14 0
8 45 59.1583 67 75 59.24 68 1 1 1 0 0
8 45 59.1583 68 75 59.24 69 1 1 1 0 0
8 45 59.1583 69 75 59.24 70 1 -5.88197e+14 1 1.27147e+14 0
8 45 59.1583 70 75 59.24 71 1 1 1 0 0
8 45 59.1583 71 75 59.24 72 1 1 1 0 0
8 45 59.1583 72 75 59.24 73 1 -5.88197e+14 1 1.27147e+14 0
8 45 59.1583 73 75 59.24 74 1 1 1 0 0
8 45 59.1583 74 75 59.24 75 1 1 1 0 0
8 45 59.24 45 75 59.3217 46 1 1 1 0 0
8 45 59.24 46 75 59.3217 47 1 1 1 0 0
8 45 59.24 47 75 59.3217 48 1 -5.88197e+14 1 1.27147e+14 0
8 45 59.24 48 75 59.3217 49 1 1 1 0 0
8 45 59.24 49 75 59.3217 50 1 1 1 0 0
8 45 59.24 50 75 59.3217 51 1 -5.88197e+14 1 1.27147e+14 0
8 45 59.24 51 75 59.3217 52 1 1 1 0 0
8 45 59.24 52 75 59.3217 53 1 1 1 0 0
8 45 59.24 53 75 59.3217 54 1 -5.88197e+14 1 1.27147e+14 0
8 45 59.24 54 75 59.3217 55 1 1 1 0 0
8 45 59.24 55 75 59.3217 56 1 1 1 0 0
8 45 59.24 56 75 59.3217 57 1 -5.88197e+14 1 1.27147e+14 0
8 45 59.24 57 75 59.3217 58 1 1 1 0 0
8 45 59.24 58 75 59.3217 59 1 1 1 0 0
8 45 59.24 59 75 59.3217 60 1 -5.88197e+14 1 1.27147e+14 0
8 45 59.24 60 75 59.3217 61 1 1 1 0 0
8 45 59.24 61 75 59.3217 62 1 1 1 0 0
8 45 59.24 62 75 59.3217 63 1 -5.88197e+14 1 1.27147e+14 0
8 45 59.24 63 75 59.3217 64 1 1 1 0 0
8 45 59.24 64 75 59.3217 65 1 1 1 0 0
8 45 59.24 65 75 59.3217 66 1 -5.88197e+14 1 1.27147e+14 0
8 45 59.24 66 75 59.3217 67 1 1 1 0 0
8 45 59.24 67 75 59.3217 68 1 1 1 0 0
8 45 59.24 68 75 59.3217 69 1 -5.88197e+14 1 1.27147e+14 0
8 45 59.24 69 75 59.3217 70 1 1 1 0 0
8 45 59.24 70 75 59.3217 71 1 1 1 0 0
8 45 59.24 71 75 59.3217 72 1 -5.88197e+14 1 1.27147e+14 0
8 45 59.24 72 75 59.3217 73 1 1 1 0 0
8 45 59.24 73 75 59.3217 74 1 1 1 0 0
8 45 59.24 74 75 59.3217 75 1 -5.88197e+14 1 1.27147e+14 0
8 45 59.3217 45 75 59.4033 46 1 1 1 0 0
8 45 59.3217 46 75 59.4033 47 1 -5.88197e+14 1 1.27147e+14 0
8 45 59.3217 47 75 59.4033 48 1 1 1 0 0
8 45 59.3217 48 75 59.4033 49 1 1 1 0 0
8 45 59.3217 49 75 59.4033 50 1 -5.88197e+14 1 1.27147e+14 0
8 45 59.3217 50 75 59.4033 51 1 1 1 0 0
8 45 59.3217 51 75 59.4033 52 1 1 1 0 0
8 45 59.3217 52 75 59.4033 53 1 -5.88197e+14 1 1.27147e+14 0
8 45 59.3217 53 75 59.4033 54 1 1 1 0 0
8 45 59.3217 54 75 59.4033 55 1 1 1 0 0
8 45 59.3217 55 75 59.4033 56 1 -5.88197e+14 1 1.27147e+14 0
8 45 59.3217 56 75 59.4033 57 1 1 1 0 0
8 45 59.3217 57 75 59.4033 58 1 1 1 0 0
8 45 59.3217 58 75 59.4033 59 1 -5.88197e+14 1 1.27147e+14 0
8 45 59.3217 59 75 59.4033 60 1 1 1 0 0
8 45 59.3217 60 75 59.4033 61 1 1 1 0 0
8 45 59.3217 61 75 59.4033 62 1 -5.88197e+14 1 1.27147e+14 0
8 45 59.3217 62 75 59.4033 63 1 1 1 0 0
8 45 59.3217 63 75 59.4033 64 1 1 1 0 0
8 45 59.3217 64 75 59.4033 65 1 -5.88197e+14 1 1.27147e+14 0
8 45 59.3217 65 75 59.4033 66 1 1 1 0 0
8 45 59.3217 66 75 59.4033 67 1 1 1 0 0
8 45 59.3217 67 75 59.4033 68 1 -5.88197e+14 1 1.27147e+14 0
8 45 59.3217 68 75 59.4033 69 1 1 1 0 0
8 45 59.3217 69 75 59.4033 70 1 1 1 0 0
8 45 59.3217 70 75 59.4033 71 1 -5.88197e+14 1 1.27147e+14 0
8 45 59.3217 71 75 59.4033 72 1 1 1 0 0
8 45 59.3217 72 75 59.4033 73 1 1 1 0 0
8 45 59.3217 73 75 59.4033 74 1 -5.88197e+14 1 1.27147e+14 0
8 45 59.3217 74 75 59.4033 75 1 1 1 0 0
8 45 59.4033 45 75 59.485 46 1 -5.88197e+14 1 1.27147e+14 0
8 45 59.4033 46 75 59.485 47 1 1 1 0 0
8 45 59.4033 47 75 59.485 48 1 1 1 0 0
8 45 59.4033 48 75 59.485 49 1 -5.88197e+14 1 1.27147e+14 0
8 45 59.4033 49 75 59.485 50 1 1 1 0 0
8 45 59.4033 50 75 59.485 51 1 1 1 0 0
8 45 59.4033 51 75 59.485 52 1 -5.88197e+14 1 1.27147e+14 0
8 45 59.4033 52 75 59.485 53 1 1 1 0 0
8 45 59.4033 53 75 59.485 54 1 1 1 0 0
8 45 59.4033 54 75 59.485 55 1 -5.88197e+14 1 1.27147e+14 0
8 45 59.4033 55 75 59.485 56 1 1 1 0 0
8 45 59.4033 56 75 59.485 57 1 1 1 0 0
8 45 59.4033 57 75 59.485 58 1 -5.88197e+14 1 1.27147e+14 0
8 45 59.4033 58 75 59.485 59 1 1 1 0 0
8 45 59.4033 59 75 59.485 60 1 1 1 0 0
8 45 59.4033 60 75 59.485 61 1 -5.88197e+14 1 1.27147e+14 0
8 45 59.4033 61 75 59.485 62 1 1 1 0 0
8 45 59.4033 62 75 59.485 63 1 1 1 0 0
8 45 59.4033 63 75 59.485 64 1 -5.88197e+14 1 1.27147e+14 0
8 45 59.4033 64 75 59.485 65 1 1 1 0 0
8 45 59.4033 65 75 59.485 66 1 1 1 0 0
8 45 59.4033 66 75 59.485 67 1 -5.88197e+14 1 1.27147e+14 0
8 45 59.4033 67 75 59.485 68 1 1 1 0 0
8 45 59.4033 68 75 59.485 69 1 1 1 0 0
8 45 59.4033 69 75 59.485 70 1 -5.88197e+14 1 1.27147e+14 0
8 45 59.4033 70 75 59.485 71 1 1 1 0 0
8 45 59.4033 71 75 59.485 72 1 1 1 0 0
8 45 59.4033 72 75 59.485 73 1 -5.88197e+14 1 1.27147e+14 0
8 45 59.4033 73 75 59.485 74 1 1 1 0 0
8 45 59.4033 74 75 59.485 75 1 1 1 0 0
8 45 59.485 45 75 59.5667 46 1 1 1 0 0
8 45 59.485 46 75 59.5667 47 1 1 1 0 0
8 45 59.485 47 75 59.5667 48 1 -5.88197e+14 1 1.27147e+14 0
8 45 59.485 48 75 59.5667 49 1 1 1 0 0
8 45 59.485 49 75 59.5667 50 1 1 1 0 0
8 45 59.485 50 75 59.5667 51 1 -5.88197e+14 1 1.27147e+14 0
8 45 59.485 51 75 59.5667 52 1 1 1 0 0
8 45 59.485 52 75 59.5667 53 1 1 1 0 0
8 45 59.485 53 75 59.5667 54 1 -5.88197e+14 1 1.27147e+14 0
8 45 59.485 54 75 59.5667 55 1 1 1 0 0
8 45 59.485 55 75 59.5667 56 1 1 1 0 0
8 45 59.485 56 75 59.5667 57 1 -5.88197e+14 1 1.27147e+14 0
8 45 59.485 57 75 59.5667 58 1 1 1 0 0
8 45 59.485 58 75 59.5667 59 1 1 1 0 0
8 45 59.485 59 75 59.5667 60 1 -5.88197e+14 1 1.27147e+14 0
8 45 59.485 60 75 59.5667 61 1 1 1 0 0
8 45 59.485 61 75 59.5667 62 1 1 1 0 0
8 45 59.485 62 75 59.5667 63 1 -5.88197e+14 1 1.27147e+14 0
8 45 59.485 63 75 59.5667 64 1 1 1 0 0
8 45 59.485 64 75 59.5667 65 1 1 1 0 0
8 45 59.485 65 75 59.5667 66 1 -5.88197e+14 1 1.27147e+14 0
8 45 59.485 66 75 59.5667 67 1 1 1 0 0
8 45 59.485 67 75 59.5667 68 1 1 1 0 0
8 45 59.485 68 75 59.5667 69 1 -5.88197e+14 1 1.27147e+14 0
8 45 59.485 69 75 59.5667 70 1 1 1 0 0
8 45 59.485 70 75 59.5667 71 1 1 1 0 0
8 45 59.485 71 75 59.5667 72 1 -5.88197e+14 1 1.27147e+14 0
8 45 59.485 72 75 59.5667 73 1 1 1 0 0
8 45 59.485 73 75 59.5667 74 1 1 1 0 0
8 45 59.485 74 75 59.5667 75 1 -5.88197e+14 1 1.27147e+14 0
8 45 59.5667 45 75 59.6483 46 1 1 1 0 0
8 45 59.5667 46 75 59.6483 47 1 -5.88197e+14 1 1.27147e+14 0
8 45 59.5667 47 75 59.6483 48 1 1 1 0 0
8 45 59.5667 48 75 59.6483 49 1 1 1 0 0
8 45 59.5667 49 75 59.6483 50 1 -5.88197e+14 1 1.27147e+14 0
8 45 59.5667 50 75 59.6483 51 1 1 1 0 0
8 45 59.5667 51 75 59.6483 52 1 1 1 0 0
8 45 59.5667 52 75 59.6483 53 1 -5.88197e+14 1 1.27147e+14 0
8 45 59.5667 53 75 59.6483 54 1 1 1 0 0
8 45 59.5667 54 75 59.6483 55 1 1 1 0 0
8 45 59.5667 55 75 59.6483 56 1 -5.88197e+14 1 1.27147e+14 0
8 45 59.5667 56 75 59.6483 57 1 1 1 0 0
8 45 59.5667 57 75 59.6483 58 1 1 1 0 0
8 45 59.5667 58 75 59.6483 59 1 -5.88197e+14 1 1.27147e+14 0
8 45 59.5667 59 75 59.6483 60 1 1 1 0 0
8 45 59.5667 60 75 59.6483 61 1 1 1 0 0
8 45 59.5667 61 75 59.6483 62 1 -5.88197e+14 1 1.27147e+14 0
8 45 59.5667 62 75 59.6483 63 1 1 1 0 0
8 45 59.5667 63 75 59.6483 64 1 1 1 0 0
8 45 59.5667 64 75 59.6483 65 1 -5.88197e+14 1 1.27147e+14 0
8 45 59.5667 65 75 59.6483 66 1 1 1 0 0
8 45 59.5667 66 75 59.6483 67 1 1 1 0 0
8 45 59.5667 67 75 59.6483 68 1 -5.88197e+14 1 1.27147e+14 0
8 45 59.5667 68 75 59.6483 69 1 1 1 0 0
8 45 59.5667 69 75 59.6483 70 1 1 1 0 0
8 45 59.5667 70 75 59.6483 71 1 -5.88197e+14 1 1.27147e+14 0
8 45 59.5667 71 75 59.6483 72 1 1 1 0 0
8 45 59.5667 72 75 59.6483 73 1 1 1 0 0
8 45 59.5667 73 75 59.6483 74 1 -5.88197e+14 1 1.27147e+14 0
8 45 59.5667 74 75 59.6483 75 1 1 1 0 0
8 45 59.6483 45 75 59.73 46 1 -5.88197e+14 1 1.27147e+14 0
8 45 59.6483 46 75 59.73 47 1 1 1 0 0
8 45 59.6483 47 75 59.73 48 1 1 1 0 0
8 45 59.6483 48 75 59.73 49 1 -5.88197e+14 1 1.27147e+14 0
8 45 59.6483 49 75 59.73 50 1 1 1 0 0
8 45 59.6483 50 75 59.73 51 1 1 1 0 0
8 45 59.6483 51 75 59.73 52 1 -5.88197e+14 1 1.27147e+14 0
8 45 59.6483 52 75 59.73 53 1 1 1 0 0
8 45 59.6483 53 75 59.73 54 1 1 1 0 0
8 45 59.6483 54 75 59.73 55 1 -5.88197e+14 1 1.27147e+14 0
8 45 59.6483 55 75 59.73 56 1 1 1 0 0
8 45 59.6483 56 75 59.73 57 1 1 1 0 0
8 45 59.6483 57 75 59.73 58 1 -5.88197e+14 1 1.27147e+14 0
8 45 59.6483 58 75 59.73 59 1 1 1 0 0
8 45 59.6483 59 75 59.73 60 1 1 1 0 0
8 45 59.6483 60 75 59.73 61 1 -5.88197e+14 1 1.27147e+14 0
8 45 59.6483 61 75 59.73 62 1 1 1 0 0
8 45 59.6483 62 75 59.73 63 1 1 1 0 0
8 45 59.6483 63 75 59.73 64 1 -5.88197e+14 1 1.27147e+14 0
8 45 59.6483 64 75 59.73 65 1 1 1 0 0
8 45 59.6483 65 75 59.73 66 1 1 1 0 0
8 45 59.6483 66 75 59.73 67 1 -5.88197e+14 1 1.27147e+14 0
8 45 59.6483 67 75 59.73 68 1 1 1 0 0
8 45 59.6483 68 75 59.73 69 1 1 1 0 0
8 45 59.6483 69 75 59.73 70 1 -5.88197e+14 1 1.27147e+14 0
8 45 59.6483 70 75 59.73 71 1 1 1 0 0
8 45 59.6483 71 75 59.73 72 1 1 1 0 0
8 45 59.6483 72 75 59.73 73 1 -5.88197e+14 1 1.27147e+14 0
8 45 59.6483 73 75 59.73 74 1 1 1 0 0
8 45 59.6483 74 75 59.73 75 1 1 1 0 0
8 45 59.73 45 75 59.8117 46 1 1 1 0 0
8 45 59.73 46 75 59.8117 47 1 1 1 0 0
8 45 59.73 47 75 59.8117 48 1 -5.88197e+14 1 1.27147e+14 0
8 45 59.73 48 75 59.8117 49 1 1 1 0 0
8 45 59.73 49 75 59.8117 50 1 1 1 0 0
8 45 59.73 50 75 59.8117 51 1 -5.88197e+14 1 1.27147e+14 0
8 45 59.73 51 75 59.8117 52 1 1 1 0 0
8 45 59.73 52 75 59.8117 53 1 1 1 0 0
8 45 59.73 53 75 59.8117 54 1 -5.88197e+14 1 1.27147e+14 0
8 45 59.73 54 75 59.8117 55 1 1 1 0 0
8 45 59.73 55 75 59.8117 56 1 1 1 0 0
8 45 59.73 56 75 59.8117 57 1 -5.88197e+14 1 1.27147e+14 0
8 45 59.73 57 75 59.8117 58 1 1 1 0 0
8 45 59.73 58 75 59.8117 59 1 1 1 0 0
8 45 59.73 59 75 59.8117 60 1 -5.88197e+14 1 1.27147e+14 0
8 45 59.73 60 75 59.8117 61 1 1 1 0 0
8 45 59.73 61 75 59.8117 62 1 1 1 0 0
8 45 59.73 62 75 59.8117 63 1 -5.88197e+14 1 1.27147e+14 0
8 45 59.73 63 75 59.8117 64 1 1 1 0 0
8 45 59.73 64 75 59.8117 65 1 1 1 0 0
8 45 59.73 65 75 59.8117 66 1 -5.88197e+14 1 1.27147e+14 0
8 45 59.73 66 75 59.8117 67 1 1 1 0 0
8 45 59.73 67 75 59.8117 68 1 1 1 0 0
8 45 59.73 68 75 59.8117 69 1 -5.88197e+14 1 1.27147e+14 0
8 45 59.73 69 75 59.8117 70 1 1 1 0 0
8 45 59.73 70 75 59.8117 71 1 1 1 0 0
8 45 59.73 71 75 59.8117 72 1 -5.88197e+14 1 1.27147e+14 0
8 45 59.73 72 75 59.8117 73 1 1 1 0 0
8 45 59.73 73 75 59.8117 74 1 1 1 0 0
8 45 59.73 74 75 59.8117 75 1 -5.88197e+14 1 1.27147e+14 0
8 45 59.8117 45 75 59.8933 46 1 1 1 0 0
8 45 59.8117 46 75 59.8933 47 1 -5.88197e+14 1 1.27147e+14 0
8 45 59.8117 47 75 59.8933 48 1 1 1 0 0
8 45 59.8117 48 75 59.8933 49 1 1 1 0 0
8 45 59.8117 49 75 59.8933 50 1 -5.88197e+14 1 1.27147e+14 0
8 45 59.8117 50 75 59.8933 51 1 1 1 0 0
8 45 59.8117 51 75 59.8933 52 1 1 1 0 0
8 45 59.8117 52 75 59.8933 53 1 -5.88197e+14 1 1.27147e+14 0
8 45 59.8117 53 75 59.8933 54 1 1 1 0 0
8 45 59.8117 54 75 59.8933 55 1 1 1 0 0
8 45 59.8117 55 75 59.8933 56 1 -5.88197e+14 1 1.27147e+14 0
8 45 59.8117 56 75 59.8933 57 1 1 1 0 0
8 45 59.8117 57 75 59.8933 58 1 1 1 0 0
8 45 59.8117 58 75 59.8933 59 1 -5.88197e+14 1 1.27147e+14 0
8 45 59.8117 59 75 59.8933 60 1 1 1 0 0
8 45 59.8117 60 75 59.8933 61 1 1 1 0 0
8 45 59.8117 61 75 59.8933 62 1 -5.88197e+14 1 1.27147e+14 0
8 45 59.8117 62 75 59.8933 63 1 1 1 0 0
8 45 59.8117 63 75 59.8933 64 1 1 1 0 0
8 45 59.8117 64 75 59.8933 65 1 -5.88197e+14 1 1.27147e+14 0
8 45 59.8117 65 75 59.8933 66 1 1 1 0 0
8 45 59.8117 66 75 59.8933 67 1 1 1 0 0
8 45 59.8117 67 75 59.8933 68 1 -5.88197e+14 1 1.27147e+14 0
8 45 59.8117 68 75 59.8933 69 1 1 1 0 0
8 45 59.8117 69 75 59.8933 70 1 1 1 0 0
8 45 59.8117 70 75 59.8933 71 1 -5.88197e+14 1 1.27147e+14 0
8 45 59.8117 71 75 59.8933 72 1 1 1 0 0
8 45 59.8117 72 75 59.8933 73 1 1 1 0 0
8 45 59.8117 73 75 59.8933 74 1 -5.88197e+14 1 1.27147e+14 0
8 45 59.8117 74 75 59.8933 75 1 1 1 0 0
8 45 59.8933 45 75 59.975 46 1 -5.88197e+14 1 1.27147e+14 0
8 45 59.8933 46 75 59.975 47 1 1 1 0 0
8 45 59.8933 47 75 59.975 48 1 1 1 0 0
8 45 59.8933 48 75 59.975 49 1 -5.88197e+14 1 1.27147e+14 0
8 45 59.8933 49 75 59.975 50 1 1 1 0 0
8 45 59.8933 50 75 59.975 51 1 1 1 0 0
8 45 59.8933 51 75 59.975 52 1 -5.88197e+14 1 1.27147e+14 0
8 45 59.8933 52 75 59.975 53 1 1 1 0 0
8 45 59.8933 53 75 59.975 54 1 1 1 0 0
8 45 59.8933 54 75 59.975 55 1 -5.88197e+14 1 1.27147e+14 0
8 45 59.8933 55 75 59.975 56 1 1 1 0 0
8 45 59.8933 56 75 59.975 57 1 1 1 0 0
8 45 59.8933 57 75 59.975 58 1 -5.88197e+14 1 1.27147e+14 0
8 45 59.8933 58 75 59.975 59 1 1 1 0 0
8 45 59.8933 59 75 59.975 60 1 1 1 0 0
8 45 59.8933 60 75 59.975 61 1 -5.88197e+14 1 1.27147e+14 0
8 45 59.8933 61 75 59.975 62 1 1 1 0 0
8 45 59.8933 62 75 59.975 63 1 1 1 0 0
8 45 59.8933 63 75 59.975 64 1 -5.88197e+14 1 1.27147e+14 0
8 45 59.8933 64 75 59.975 65 1 1 1 0 0
8 45 59.8933 65 75 59.975 66 1 1 1 0 0
8 45 59.8933 66 75 59.975 67 1 -5.88197e+14 1 1.27147e+14 0
8 45 59.8933 67 75 59.975 68 1 1 1 0 0
8 45 59.8933 68 75 59.975 69 1 1 1 0 0
8 45 59.8933 69 75 59.975 70 1 -5.88197e+14 1 1.27147e+14 0
8 45 59.8933 70 75 59.975 71 1 1 1 0 0
8 45 59.8933 71 75 59.975 72 1 1 1 0 0
8 45 59.8933 72 75 59.975 73 1 -5.88197e+14 1 1.27147e+14 0
8 45 59.8933 73 75 59.975 74 1 1 1 0 0
8 45 59.8933 74 75 59.975 75 1 1 1 0 0
8 45 59.975 45 75 60.0567 46 1 1 1 0 0
8 45 59.975 46 75 60.0567 47 1 1 1 0 0
8 45 59.975 47 75 60.0567 48 1 -5.88197e+14 1 1.27147e+14 0
8 45 59.975 48 75 60.0567 49 1 1 1 0 0
8 45 59.975 49 75 60.0567 50 1 1 1 0 0
8 45 59.975 50 75 60.0567 51 1 -5.88197e+14 1 1.27147e+14 0
8 45 59.975 51 75 60.0567 52 1 1 1 0 0
8 45 59.975 52 75 60.0567 53 1 1 1 0 0
8 45 59.975 53 75 60.0567 54 1 -5.88197e+14 1 1.27147e+14 0
8 45 59.975 54 75 60.0567 55 1 1 1 0 0
8 45 59.975 55 75 60.0567 56 1 1 1 0 0
8 45 59.975 56 75 60.0567 57 1 -5.88197e+14 1 1.27147e+14 0
8 45 59.975 57 75 60.0567 58 1 1 1 0 0
8 45 59.975 58 75 60.0567 59 1 1 1 0 0
8 45 59.975 59 75 60.0567 60 1 -5.88197e+14 1 1.27147e+14 0
8 45 59.975 60 75 60.0567 61 1 1 1 0 0
8 45 59.975 61 75 60.0567 62 1 1 1 0 0
8 45 59.975 62 75 60.0567 63 1 -5.88197e+14 1 1.27147e+14 0
8 45 59.975 63 75 60.0567 64 1 1 1 0 0
8 45 59.975 64 75 60.0567 65 1 1 1 0 0
8 45 59.975 65 75 60.0567 66 1 -5.88197e+14 1 1.27147e+14 0
8 45 59.975 66 75 60.0567 67 1 1 1 0 0
8 45 59.975 67 75 60.0567 68 1 1 1 0 0
8 45 59.975 68 75 60.0567 69 1 -5.88197e+14 1 1.27147e+14 0
8 45 59.975 69 75 60.0567 70 1 1 1 0 0
8 45 59.975 70 75 60.0567 71 1 1 1 0 0
8 45 59.975 71 75 60.0567 72 1 -5.88197e+14 1 1.27147e+14 0
8 45 59.975 72 75 60.0567 73 1 1 1 0 0
8 45 59.975 73 75 60.0567 74 1 1 1 0 0
8 45 59.975 74 75 60.0567 75 1 -5.88197e+14 1 1.27147e+14 0
8 45 60.0567 45 75 60.1383 46 1 1 1 0 0
8 45 60.0567 46 75 60.1383 47 1 -5.88197e+14 1 1.27147e+14 0
8 45 60.0567 47 75 60.1383 48 1 1 1 0 0
8 45 60.0567 48 75 60.1383 49 1 1 1 0 0
8 45 60.0567 49 75 60.1383 50 1 -5.88197e+14 1 1.27147e+14 0
8 45 60.0567 50 75 60.1383 51 1 1 1 0 0
8 45 60.0567 51 75 60.1383 52 1 1 1 0 0
8 45 60.0567 52 75 60.1383 53 1 -5.88197e+14 1 1.27147e+14 0
8 45 60.0567 53 75 60.1383 54 1 1 1 0 0
8 45 60.0567 54 75 60.1383 55 1 1 1 0 0
8 45 60.0567 55 75 60.1383 56 1 -5.88197e+14 1 1.27147e+14 0
8 45 60.0567 56 75 60.1383 57 1 1 1 0 0
8 45 60.0567 57 75 60.1383 58 1 1 1 0 0
8 45 60.0567 58 75 60.1383 59 1 -5.88197e+14 1 1.27147e+14 0
8 45 60.0567 59 75 60.1383 60 1 1 1 0 0
8 45 60.0567 60 75 60.1383 61 1 1 1 0 0
8 45 60.0567 61 75 60.1383 62 1 -5.88197e+14 1 1.27147e+14 0
8 45 60.0567 62 75 60.1383 63 1 1 1 0 0
8 45 60.0567 63 75 60.1383 64 1 1 1 0 0
8 45 60.0567 64 75 60.1383 65 1 -5.88197e+14 1 1.27147e+14 0
8 45 60.0567 65 75 60.1383 66 1 1 1 0 0
8 45 60.0567 66 75 60.1383 67 1 1 1 0 0
8 45 60.0567 67 75 60.1383 68 1 -5.88197e+14 1 1.27147e+14 0
8 45 60.0567 68 75 60.1383 69 1 1 1 0 0
8 45 60.0567 69 75 60.1383 70 1 1 1 0 0
8 45 60.0567 70 75 60.1383 71 1 -5.88197e+14 1 1.27147e+14 0
8 45 60.0567 71 75 60.1383 72 1 1 1 0 0
8 45 60.0567 72 75 60.1383 73 1 1 1 0 0
8 45 60.0567 73 75 60.1383 74 1 -5.88197e+14 1 1.27147e+14 0
8 45 60.0567 74 75 60.1383 75 1 1 1 0 0
8 45 60.1383 45 75 60.22 46 1 -5.88197e+14 1 1.27147e+14 0
8 45 60.1383 46 75 60.22 47 1 1 1 0 0
8 45 60.1383 47 75 60.22 48 1 1 1 0 0
8 45 60.1383 48 75 60.22 49 1 -5.88197e+14 1 1.27147e+14 0
8 45 60.1383 49 75 60.22 50 1 1 1 0 0
8 45 60.1383 50 75 60.22 51 1 1 1 0 0
8 45 60.1383 51 75 60.22 52 1 -5.88197e+14 1 1.27147e+14 0
8 45 60.1383 52 75 60.22 53 1 1 1 0 0
8 45 60.1383 53 75 60.22 54 1 1 1 0 0
8 45 60.1383 54 75 60.22 55 1 -5.88197e+14 1 1.27147e+14 0
8 45 60.1383 55 75 60.22 56 1 1 1 0 0
8 45 60.1383 56 75 60.22 57 1 1 1 0 0
8 45 60.1383 57 75 60.22 58 1 -5.88197e+14 1 1.27147e+14 0
8 45 60.1383 58 75 60.22 59 1 1 1 0 0
8 45 60.1383 59 75 60.22 60 1 1 1 0 0
8 45 60.1383 60 75 60.22 61 1 -5.88197e+14 1 1.27147e+14 0
8 45 60.1383 61 75 60.22 62 1 1 1 0 0
8 45 60.1383 62 75 60.22 63 1 1 1 0 0
8 45 60.1383 63 75 60.22 64 1 -5.88197e+14 1 1.27147e+14 0
8 45 60.1383 64 75 60.22 65 1 1 1 0 0
8 45 60.1383 65 75 60.22 66 1 1 1 0 0
8 45 60.1383 66 75 60.22 67 1 -5.88197e+14 1 1.27147e+14 0
8 45 60.1383 67 75 60.22 68 1 1 1 0 0
8 45 60.1383 68 75 60.22 69 1 1 1 0 0
8 45 60.1383 69 75 60.22 70 1 -5.88197e+14 1 1.27147e+14 0
8 45 60.1383 70 75 60.22 71 1 1 1 0 0
8 45 60.1383 71 75 60.22 72 1 1 1 0 0
8 45 60.1383 72 75 60.22 73 1 -5.88197e+14 1 1.27147e+14 0
8 45 60.1383 73 75 60.22 74 1 1 1 0 0
8 45 60.1383 74 75 60.22 75 1 1 1 0 0
8 45 60.22 45 75 60.3017 46 1 1 1 0 0
8 45 60.22 46 75 60.3017 47 1 1 1 0 0
8 45 60.22 47 75 60.3017 48 1 -5.88197e+14 1 1.27147e+14 0
8 45 60.22 48 75 60.3017 49 1 1 1 0 0
8 45 60.22 49 75 60.3017 50 1 1 1 0 0
8 45 60.22 50 75 60.3017 51 1 -5.88197e+14 1 1.27147e+14 0
8 45 60.22 51 75 60.3017 52 1 1 1 0 0
8 45 60.22 52 75 60.3017 53 1 1 1 0 0
8 45 60.22 53 75 60.3017 54 1 -5.88197e+14 1 1.27147e+14 0
8 45 60.22 54 75 60.3017 55 1 1 1 0 0
8 45 60.22 55 75 60.3017 56 1 1 1 0 0
8 45 60.22 56 75 60.3017 57 1 -5.88197e+14 1 1.27147e+14 0
8 45 60.22 57 75 60.3017 58 1 1 1 0 0
8 45 60.22 58 75 60.3017 59 1 1 1 0 0
8 45 60.22 59 75 60.3017 60 1 -5.88197e+14 1 1.27147e+14 0
8 45 60.22 60 75 60.3017 61 1 1 1 0 0
8 45 60.22 61 75 60.3017 62 1 1 1 0 0
8 45 60.22 62 75 60.3017 63 1 -5.88197e+14 1 1.27147e+14 0
8 45 60.22 63 75 60.3017 64 1 1 1 0 0
8 45 60.22 64 75 60.3017 65 1 1 1 0 0
8 45 60.22 65 75 60.3017 66 1 -5.88197e+14 1 1.27147e+14 0
8 45 60.22 66 75 60.3017 67 1 1 1 0 0
8 45 60.22 67 75 60.3017 68 1 1 1 0 0
8 45 60.22 68 75 60.3017 69 1 -5.88197e+14 1 1.27147e+14 0
8 45 60.22 69 75 60.3017 70 1 1 1 0 0
8 45 60.22 70 75 60.3017 71 1 1 1 0 0
8 45 60.22 71 75 60.3017 72 1 -5.88197e+14 1 1.27147e+14 0
8 45 60.22 72 75 60.3017 73 1 1 1 0 0
8 45 60.22 73 75 60.3017 74 1 1 1 0 0
8 45 60.22 74 75 60.3017 75 1 -5.88197e+14 1 1.27147e+14 0
8 45 60.3017 45 75 60.3833 46 1 1 1 0 0
8 45 60.3017 46 75 60.3833 47 1 -5.88197e+14 1 1.27147e+14 0
8 45 60.3017 47 75 60.3833 48 1 1 1 0 0
8 45 60.3017 48 75 60.3833 49 1 1 1 0 0
8 45 60.3017 49 75 60.3833 50 1 -5.88197e+14 1 1.27147e+14 0
8 45 60.3017 50 75 60.3833 51 1 1 1 0 0
8 45 60.3017 51 75 60.3833 52 1 1 1 0 0
8 45 60.3017 52 75 60.3833 53 1 -5.88197e+14 1 1.27147e+14 0
8 45 60.3017 53 75 60.3833 54 1 1 1 0 0
8 45 60.3017 54 75 60.3833 55 1 1 1 0 0
8 45 60.3017 55 75 60.3833 56 1 -5.88197e+14 1 1.27147e+14 0
8 45 60.3017 56 75 60.3833 57 1 1 1 0 0
8 45 60.3017 57 75 60.3833 58 1 1 1 0 0
8 45 60.3017 58 75 60.3833 59 1 -5.88197e+14 1 1.27147e+14 0
8 45 60.3017 59 75 60.3833 60 1 1 1 0 0
8 45 60.3017 60 75 60.3833 61 1 1 1 0 0
8 45 60.3017 61 75 60.3833 62 1 -5.88197e+14 1 1.27147e+14 0
8 45 60.3017 62 75 60.3833 63 1 1 1 0 0
8 45 60.3017 63 75 60.3833 64 1 1 1 0 0
8 45 60.3017 64 75 60.3833 65 1 -5.88197e+14 1 1.27147e+14 0
8 45 60.3017 65 75 60.3833 66 1 1 1 0 0
8 45 60.3017 66 75 60.3833 67 1 1 1 0 0
8 45 60.3017 67 75 60.3833 68 1 -5.88197e+14 1 1.27147e+14 0
8 45 60.3017 68 75 60.3833 69 1 1 1 0 0
8 45 60.3017 69 75 60.3833 70 1 1 1 0 0
8 45 60.3017 70 75 60.3833 71 1 -5.88197e+14 1 1.27147e+14 0
8 45 60.3017 71 75 60.3833 72 1 1 1 0 0
8 45 60.3017 72 75 60.3833 73 1 1 1 0 0
8 45 60.3017 73 75 60.3833 74 1 -5.88197e+14 1 1.27147e+14 0
8 45 60.3017 74 75 60.3833 75 1 1 1 0 0
8 45 60.3833 45 75 60.465 46 1 -5.88197e+14 1 1.27147e+14 0
8 45 60.3833 46 75 60.465 47 1 1 1 0 0
8 45 60.3833 47 75 60.465 48 1 1 1 0 0
8 45 60.3833 48 75 60.465 49 1 -5.88197e+14 1 1.27147e+14 0
8 45 60.3833 49 75 60.465 50 1 1 1 0 0
8 45 60.3833 50 75 60.465 51 1 1 1 0 0
8 45 60.3833 51 75 60.465 52 1 -5.88197e+14 1 1.27147e+14 0
8 45 60.3833 52 75 60.465 53 1 1 1 0 0
8 45 60.3833 53 75 60.465 54 1 1 1 0 0
8 45 60.3833 54 75 60.465 55 1 -5.88197e+14 1 1.27147e+14 0
8 45 60.3833 55 75 60.465 56 1 1 1 0 0
8 45 60.3833 56 75 60.465 57 1 1 1 0 0
8 45 60.3833 57 75 60.465 58 1 -5.88197e+14 1 1.27147e+14 0
8 45 60.3833 58 75 60.465 59 1 1 1 0 0
8 45 60.3833 59 75 60.465 60 1 1 1 0 0
8 45 60.3833 60 75 60.465 61 1 -5.88197e+14 1 1.27147e+14 0
8 45 60.3833 61 75 60.465 62 1 1 1 0 0
8 45 60.3833 62 75 60.465 63 1 1 1 0 0
8 45 60.3833 63 75 60.465 64 1 -5.88197e+14 1 1.27147e+14 0
8 45 60.3833 64 75 60.465 65 1 1 1 0 0
8 45 60.3833 65 75 60.465 66 1 1 1 0 0
8 45 60.3833 66 75 60.465 67 1 -5.88197e+14 1 1.27147e+14 0
8 45 60.3833 67 75 60.465 68 1 1 1 0 0
8 45 60.3833 68 75 60.465 69 1 1 1 0 0
8 45 60.3833 69 75 60.465 70 1 -5.88197e+14 1 1.27147e+14 0
8 45 60.3833 70 75 60.465 71 1 1 1 0 0
8 45 60.3833 71 75 60.465 72 1 1 1 0 0
8 45 60.3833 72 75 60.465 73 1 -5.88197e+14 1 1.27147e+14 0
8 45 60.3833 73 75 60.465 74 1 1 1 0 0
8 45 60.3833 74 75 60.465 75 1 1 1 0 0
8 45 60.465 45 75 60.5467 46 1 1 1 0 0
8 45 60.465 46 75 60.5467 47 1 1 1 0 0
8 45 60.465 47 75 60.5467 48 1 -5.88197e+14 1 1.27147e+14 0
8 45 60.465 48 75 60.5467 49 1 1 1 0 0
8 45 60.465 49 75 60.5467 50 1 1 1 0 0
8 45 60.465 50 75 60.5467 51 1 -5.88197e+14 1 1.27147e+14 0
8 45 60.465 51 75 60.5467 52 1 1 1 0 0
8 45 60.465 52 75 60.5467 53 1 1 1 0 0
8 45 60.465 53 75 60.5467 54 1 -5.88197e+14 1 1.27147e+14 0
8 45 60.465 54 75 60.5467 55 1 1 1 0 0
8 45 60.465 55 75 60.5467 56 1 1 1 0 0
8 45 60.465 56 75 60.5467 57 1 -5.88197e+14 1 1.27147e+14 0
8 45 60.465 57 75 60.5467 58 1 1 1 0 0
8 45 60.465 58 75 60.5467 59 1 1 1 0 0
8 45 60.465 59 75 60.5467 60 1 -5.88197e+14 1 1.27147e+14 0
8 45 60.465 60 75 60.5467 61 1 1 1 0 0
8 45 60.465 61 75 60.5467 62 1 1 1 0 0
8 45 60.465 62 75 60.5467 63 1 -5.88197e+14 1 1.27147e+14 0
8 45 60.465 63 75 60.5467 64 1 1 1 0 0
8 45 60.465 64 75 60.5467 65 1 1 1 0 0
8 45 60.465 65 75 60.5467 66 1 -5.88197e+14 1 1.27147e+14 0
8 45 60.465 66 75 60.5467 67 1 1 1 0 0
8 45 60.465 67 75 60.5467 68 1 1 1 0 0
8 45 60.465 68 75 60.5467 69 1 -5.88197e+14 1 1.27147e+14 0
8 45 60.465 69 75 60.5467 70 1 1 1 0 0
8 45 60.465 70 75 60.5467 71 1 1 1 0 0
8 45 60.465 71 75 60.5467 72 1 -5.88197e+14 1 1.27147e+14 0
8 45 60.465 72 75 60.5467 73 1 1 1 0 0
8 45 60.465 73 75 60.5467 74 1 1 1 0 0
8 45 60.465 74 75 60.5467 75 1 -5.88197e+14 1 1.27147e+14 0
8 45 60.5467 45 75 60.6283 46 1 1 1 0 0
8 45 60.5467 46 75 60.6283 47 1 -5.88197e+14 1 1.27147e+14 0
8 45 60.5467 47 75 60.6283 48 1 1 1 0 0
8 45 60.5467 48 75 60.6283 49 1 1 1 0 0
8 45 60.5467 49 75 60.6283 50 1 -5.88197e+14 1 1.27147e+14 0
8 45 60.5467 50 75 60.6283 51 1 1 1 0 0
8 45 60.5467 51 75 60.6283 52 1 1 1 0 0
8 45 60.5467 52 75 60.6283 53 1 -5.88197e+14 1 1.27147e+14 0
8 45 60.5467 53 75 60.6283 54 1 1 1 0 0
8 45 60.5467 54 75 60.6283 55 1 1 1 0 0
8 45 60.5467 55 75 60.6283 56 1 -5.88197e+14 1 1.27147e+14 0
8 45 60.5467 56 75 60.6283 57 1 1 1 0 0
8 45 60.5467 57 75 60.6283 58 1 1 1 0 0
8 45 60.5467 58 75 60.6283 59 1 -5.88197e+14 1 1.27147e+14 0
8 45 60.5467 59 75 60.6283 60 1 1 1 0 0
8 45 60.5467 60 75 60.6283 61 1 1 1 0 0
8 45 60.5467 61 75 60.6283 62 1 -5.88197e+14 1 1.27147e+14 0
8 45 60.5467 62 75 60.6283 63 1 1 1 0 0
8 45 60.5467 63 75 60.6283 64 1 1 1 0 0
8 45 60.5467 64 75 60.6283 65 1 -5.88197e+14 1 1.27147e+14 0
8 45 60.5467 65 75 60.6283 66 1 1 1 0 0
8 45 60.5467 66 75 60.6283 67 1 1 1 0 0
8 45 60.5467 67 75 60.6283 68 1 -5.88197e+14 1 1.27147e+14 0
8 45 60.5467 68 75 60.6283 69 1 1 1 0 0
8 45 60.5467 69 75 60.6283 70 1 1 1 0 0
8 45 60.5467 70 75 60.6283 71 1 -5.88197e+14 1 1.27147e+14 0
8 45 60.5467 71 75 60.6283 72 1 1 1 0 0
8 45 60.5467 72 75 60.6283 73 1 1 1 0 0
8 45 60.5467 73 75 60.6283 74 1 -5.88197e+14 1 1.27147e+14 0
8 45 60.5467 74 75 60.6283 75 1 1 1 0 0
8 45 60.6283 45 75 60.71 46 1 -5.88197e+14 1 1.27147e+14 0
8 45 60.6283 46 75 60.71 47 1 1 1 0 0
8 45 60.6283 47 75 60.71 48 1 1 1 0 0
8 45 60.6283 48 75 60.71 49 1 -5.88197e+14 1 1.27147e+14 0
8 45 60.6283 49 75 60.71 50 1 1 1 0 0
8 45 60.6283 50 75 60.71 51 1 1 1 0 0
8 45 60.6283 51 75 60.71 52 1 -5.88197e+14 1 1.27147e+14 0
8 45 60.6283 52 75 60.71 53 1 1 1 0 0
8 45 60.6283 53 75 60.71 54 1 1 1 0 0
8 45 60.6283 54 75 60.71 55 1 -5.88197e+14 1 1.27147e+14 0
8 45 60.6283 55 75 60.71 56 1 1 1 0 0
8 45 60.6283 56 75 60.71 57 1 1 1 0 0
8 45 60.6283 57 75 60.71 58 1 -5.88197e+14 1 1.27147e+14 0
8 45 60.6283 58 75 60.71 59 1 1 1 0 0
8 45 60.6283 59 75 60.71 60 1 1 1 0 0
8 45 60.6283 60 75 60.71 61 1 -5.88197e+14 1 1.27147e+14 0
8 45 60.6283 61 75 60.71 62 1 1 1 0 0
8 45 60.6283 62 75 60.71 63 1 1 1 0 0
8 45 60.6283 63 75 60.71 64 1 -5.88197e+14 1 1.27147e+14 0
8 45 60.6283 64 75 60.71 65 1 1 1 0 0
8 45 60.6283 65 75 60.71 66 1 1 1 0 0
8 45 60.6283 66 75 60.71 67 1 -5.88197e+14 1 1.27147e+14 0
8 45 60.6283 67 75 60.71 68 1 1 1 0 0
8 45 60.6283 68 75 60.71 69 1 1 1 0 0
8 45 60.6283 69 75 60.71 70 1 -5.88197e+14 1 1.27147e+14 0
8 45 60.6283 70 75 60.71 71 1 1 1 0 0
8 45 60.6283 71 75 60.71 72 1 1 1 0 0
8 45 60.6283 72 75 60.71 73 1 -5.88197e+14 1 1.27147e+14 0
8 45 60.6283 73 75 60.71 74 1 1 1 0 0
8 45 60.6283 74 75 60.71 75 1 1 1 0 0
8 45 60.71 45 75 60.7917 46 1 1 1 0 0
8 45 60.71 46 75 60.7917 47 1 1 1 0 0
8 45 60.71 47 75 60.7917 48 1 -5.88197e+14 1 1.27147e+14 0
8 45 60.71 48 75 60.7917 49 1 1 1 0 0
8 45 60.71 49 75 60.7917 50 1 1 1 0 0
8 45 60.71 50 75 60.7917 51 1 -5.88197e+14 1 1.27147e+14 0
8 45 60.71 51 75 60.7917 52 1 1 1 0 0
8 45 60.71 52 75 60.7917 53 1 1 1 0 0
8 45 60.71 53 75 60.7917 54 1 -5.88197e+14 1 1.27147e+14 0
8 45 60.71 54 75 60.7917 55 1 1 1 0 0
8 45 60.71 55 75 60.7917 56 1 1 1 0 0
8 45 60.71 56 75 60.7917 57 1 -5.88197e+14 1 1.27147e+14 0
8 45 60.71 57 75 60.7917 58 1 1 1 0 0
8 45 60.71 58 75 60.7917 59 1 1 1 0 0
8 45 60.71 59 75 60.7917 60 1 -5.88197e+14 1 1.27147e+14 0
8 45 60.71 60 75 60.7917 61 1 1 1 0 0
8 45 60.71 61 75 60.7917 62 1 1 1 0 0
8 45 60.71 62 75 60.7917 63 1 -5.88197e+14 1 1.27147e+14 0
8 45 60.71 63 75 60.7917 64 1 1 1 0 0
8 45 60.71 64 75 60.7917 65 1 1 1 0 0
8 45 60.71 65 75 60.7917 66 1 -5.88197e+14 1 1.27147e+14 0
8 45 60.71 66 75 60.7917 67 1 1 1 0 0
8 45 60.71 67 75 60.7917 68 1 1 1 0 0
8 45 60.71 68 75 60.7917 69 1 -5.88197e+14 1 1.27147e+14 0
8 45 60.71 69 75 60.7917 70 1 1 1 0 0
8 45 60.71 70 75 60.7917 71 1 1 1 0 0
8 45 60.71 71 75 60.7917 72 1 -5.88197e+14 1 1.27147e+14 0
8 45 60.71 72 75 60.7917 73 1 1 1 0 0
8 45 60.71 73 75 60.7917 74 1 1 1 0 0
8 45 60.71 74 75 60.7917 75 1 -5.88197e+14 1 1.27147e+14 0
8 45 60.7917 45 75 60.8733 46 1 1 1 0 0
8 45 60.7917 46 75 60.8733 47 1 -5.88197e+14 1 1.27147e+14 0
8 45 60.7917 47 75 60.8733 48 1 1 1 0 0
8 45 60.7917 48 75 60.8733 49 1 1 1 0 0
8 45 60.7917 49 75 60.8733 50 1 -5.88197e+14 1 1.27147e+14 0
8 45 60.7917 50 75 60.8733 51 1 1 1 0 0
8 45 60.7917 51 75 60.8733 52 1 1 1 0 0
8 45 60.7917 52 75 60.8733 53 1 -5.88197e+14 1 1.27147e+14 0
8 45 60.7917 53 75 60.8733 54 1 1 1 0 0
8 45 60.7917 54 75 60.8733 55 1 1 1 0 0
8 45 60.7917 55 75 60.8733 56 1 -5.88197e+14 1 1.27147e+14 0
8 45 60.7917 56 75 60.8733 57 1 1 1 0 0
8 45 60.7917 57 75 60.8733 58 1 1 1 0 0
8 45 60.7917 58 75 60.8733 59 1 -5.88197e+14 1 1.27147e+14 0
8 45 60.7917 59 75 60.8733 60 1 1 1 0 0
8 45 60.7917 60 75 60.8733 61 1 1 1 0 0
8 45 60.7917 61 75 60.8733 62 1 -5.88197e+14 1 1.27147e+14 0
8 45 60.7917 62 75 60.8733 63 1 1 1 0 0
8 45 60.7917 63 75 60.8733 64 1 1 1 0 0
8 45 60.7917 64 75 60.8733 65 1 -5.88197e+14 1 1.27147e+14 0
8 45 60.7917 65 75 60.8733 66 1 1 1 0 0
8 45 60.7917 66 75 60.8733 67 1 1 1 0 0
8 45 60.7917 67 75 60.8733 68 1 -5.88197e+14 1 1.27147e+14 0
8 45 60.7917 68 75 60.8733 69 1 1 1 0 0
8 45 60.7917 69 75 60.8733 70 1 1 1 0 0
8 45 60.7917 70 75 60.8733 71 1 -5.88197e+14 1 1.27147e+14 0
8 45 60.7917 71 75 60.8733 72 1 1 1 0 0
8 45 60.7917 72 75 60.8733 73 1 1 1 0 0
8 45 60.7917 73 75 60.8733 74 1 -5.88197e+14 1 1.27147e+14 0
8 45 60.7917 74 75 60.8733 75 1 1 1 0 0
8 45 60.8733 45 75 60.955 46 1 -5.88197e+14 1 1.27147e+14 0
8 45 60.8733 46 75 60.955 47 1 1 1 0 0
8 45 60.8733 47 75 60.955 48 1 1 1 0 0
8 45 60.8733 48 75 60.955 49 1 -5.88197e+14 1 1.27147e+14 0
8 45 60.8733 49 75 60.955 50 1 1 1 0 0
8 45 60.8733 50 75 60.955 51 1 1 1 0 0
8 45 60.8733 51 75 60.955 52 1 -5.88197e+14 1 1.27147e+14 0
8 45 60.8733 52 75 60.955 53 1 1 1 0 0
8 45 60.8733 53 75 60.955 54 1 1 1 0 0
8 45 60.8733 54 75 60.955 55 1 -5.88197e+14 1 1.27147e+14 0
8 45 60.8733 55 75 60.955 56 1 1 1 0 0
8 45 60.8733 56 75 60.955 57 1 1 1 0 0
8 45 60.8733 57 75 60.955 58 1 -5.88197e+14 1 1.27147e+14 0
8 45 60.8733 58 75 60.955 59 1 1 1 0 0
8 45 60.8733 59 75 60.955 60 1 1 1 0 0
8 45 60.8733 60 75 60.955 61 1 -5.88197e+14 1 1.27147e+14 0
8 45 60.8733 61 75 60.955 62 1 1 1 0 0
8 45 60.8733 62 75 60.955 63 1 1 1 0 0
8 45 60.8733 63 75 60.955 64 1 -5.88197e+14 1 1.27147e+14 0
8 45 60.8733 64 75 60.955 65 1 1 1 0 0
8 45 60.8733 65 75 60.955 66 1 1 1 0 0
8 45 60.8733 66 75 60.955 67 1 -5.88197e+14 1 1.27147e+14 0
8 45 60.8733 67 75 60.955 68 1 1 1 0 0
8 45 60.8733 68 75 60.955 69 1 1 1 0 0
8 45 60.8733 69 75 60.955 70 1 -5.88197e+14 1 1.27147e+14 0
8 45 60.8733 70 75 60.955 71 1 1 1 0 0
8 45 60.8733 71 75 60.955 72 1 1 1 0 0
8 45 60.8733 72 75 60.955 73 1 -5.88197e+14 1 1.27147e+14 0
8 45 60.8733 73 75 60.955 74 1 1 1 0 0
8 45 60.8733 74 75 60.955 75 1 1 1 0 0
8 45 60.955 45 75 61.0367 46 1 1 1 0 0
8 45 60.955 46 75 61.0367 47 1 1 1 0 0
8 45 60.955 47 75 61.0367 48 1 -5.88197e+14 1 1.27147e+14 0
8 45 60.955 48 75 61.0367 49 1 1 1 0 0
8 45 60.955 49 75 61.0367 50 1 1 1 0 0
8 45 60.955 50 75 61.0367 51 1 -5.88197e+14 1 1.27147e+14 0
8 45 60.955 51 75 61.0367 52 1 1 1 0 0
8 45 60.955 52 75 61.0367 53 1 1 1 0 0
8 45 60.955 53 75 61.0367 54 1 -5.88197e+14 1 1.27147e+14 0
8 45 60.955 54 75 61.0367 55 1 1 1 0 0
8 45 60.955 55 75 61.0367 56 1 1 1 0 0
8 45 60.955 56 75 61.0367 57 1 -5.88197e+14 1 1.27147e+14 0
8 45 60.955 57 75 61.0367 58 1 1 1 0 0
8 45 60.955 58 75 61.0367 59 1 1 1 0 0
8 45 60.955 59 75 61.0367 60 1 -5.88197e+14 1 1.27147e+14 0
8 45 60.955 60 75 61.0367 61 1 1 1 0 0
8 45 60.955 61 75 61.0367 62 1 1 1 0 0
8 45 60.955 62 75 61.0367 63 1 -5.88197e+14 1 1.27147e+14 0
8 45 60.955 63 75 61.0367 64 1 1 1 0 0
8 45 60.955 64 75 61.0367 65 1 1 1 0 0
8 45 60.955 65 75 61.0367 66 1 -5.88197e+14 1 1.27147e+14 0
8 45 60.955 66 75 61.0367 67 1 1 1 0 0
8 45 60.955 67 75 61.0367 68 1 1 1 0 0
8 45 60.955 68 75 61.0367 69 1 -5.88197e+14 1 1.27147e+14 0
8 45 60.955 69 75 61.0367 70 1 1 1 0 0
8 45 60.955 70 75 61.0367 71 1 1 1 0 0
8 45 60.955 71 75 61.0367 72 1 -5.88197e+14 1 1.27147e+14 0
8 45 60.955 72 75 61.0367 73 1 1 1 0 0
8 45 60.955 73 75 61.0367 74 1 1 1 0 0
8 45 60.955 74 75 61.0367 75 1 -5.88197e+14 1 1.27147e+14 0
8 45 61.0367 45 75 61.1183 46 1 1 1 0 0
8 45 61.0367 46 75 61.1183 47 1 -5.88197e+14 1 1.27147e+14 0
8 45 61.0367 47 75 61.1183 48 1 1 1 0 0
8 45 61.0367 48 75 61.1183 49 1 1 1 0 0
8 45 61.0367 49 75 61.1183 50 1 -5.88197e+14 1 1.27147e+14 0
8 45 61.0367 50 75 61.1183 51 1 1 1 0 0
8 45 61.0367 51 75 61.1183 52 1 1 1 0 0
8 45 61.0367 52 75 61.1183 53 1 -5.88197e+14 1 1.27147e+14 0
8 45 61.0367 53 75 61.1183 54 1 1 1 0 0
8 45 61.0367 54 75 61.1183 55 1 1 1 0 0
8 45 61.0367 55 75 61.1183 56 1 -5.88197e+14 1 1.27147e+14 0
8 45 61.0367 56 75 61.1183 57 1 1 1 0 0
8 45 61.0367 57 75 61.1183 58 1 1 1 0 0
8 45 61.0367 58 75 61.1183 59 1 -5.88197e+14 1 1.27147e+14 0
8 45 61.0367 59 75 61.1183 60 1 1 1 0 0
8 45 61.0367 60 75 61.1183 61 1 1 1 0 0
8 45 61.0367 61 75 61.1183 62 1 -5.88197e+14 1 1.27147e+14 0
8 45 61.0367 62 75 61.1183 63 1 1 1 0 0
8 45 61.0367 63 75 61.1183 64 1 1 1 0 0
8 45 61.0367 64 75 61.1183 65 1 -5.88197e+14 1 1.27147e+14 0
8 45 61.0367 65 75 61.1183 66 1 1 1 0 0
8 45 61.0367 66 75 61.1183 67 1 1 1 0 0
8 45 61.0367 67 75 61.1183 68 1 -5.88197e+14 1 1.27147e+14 0
8 45 61.0367 68 75 61.1183 69 1 1 1 0 0
8 45 61.0367 69 75 61.1183 70 1 1 1 0 0
8 45 61.0367 70 75 61.1183 71 1 -5.88197e+14 1 1.27147e+14 0
8 45 61.0367 71 75 61.1183 72 1 1 1 0 0
8 45 61.0367 72 75 61.1183 73 1 1 1 0 0
8 45 61.0367 73 75 61.1183 74 1 -5.88197e+14 1 1.27147e+14 0
8 45 61.0367 74 75 61.1183 75 1 1 1 0 0
8 45 61.1183 45 75 61.2 46 1 -5.88197e+14 1 1.27147e+14 0
8 45 61.1183 46 75 61.2 47 1 1 1 0 0
8 45 61.1183 47 75 61.2 48 1 1 1 0 0
8 45 61.1183 48 75 61.2 49 1 -5.88197e+14 1 1.27147e+14 0
8 45 61.1183 49 75 61.2 50 1 1 1 0 0
8 45 61.1183 50 75 61.2 51 1 1 1 0 0
8 45 61.1183 51 75 61.2 52 1 -5.88197e+14 1 1.27147e+14 0
8 45 61.1183 52 75 61.2 53 1 1 1 0 0
8 45 61.1183 53 75 61.2 54 1 1 1 0 0
8 45 61.1183 54 75 61.2 55 1 -5.88197e+14 1 1.27147e+14 0
8 45 61.1183 55 75 61.2 56 1 1 1 0 0
8 45 61.1183 56 75 61.2 57 1 1 1 0 0
8 45 61.1183 57 75 61.2 58 1 -5.88197e+14 1 1.27147e+14 0
8 45 61.1183 58 75 61.2 59 1 1 1 0 0
8 45 61.1183 59 75 61.2 60 1 1 1 0 0
8 45 61.1183 60 75 61.2 61 1 -5.88197e+14 1 1.27147e+14 0
8 45 61.1183 61 75 61.2 62 1 1 1 0 0
8 45 61.1183 62 75 61.2 63 1 1 1 0 0
8 45 61.1183 63 75 61.2 64 1 -5.88197e+14 1 1.27147e+14 0
8 45 61.1183 64 75 61.2 65 1 1 1 0 0
8 45 61.1183 65 75 61.2 66 1 1 1 0 0
8 45 61.1183 66 75 61.2 67 1 -5.88197e+14 1 1.27147e+14 0
8 45 61.1183 67 75 61.2 68 1 1 1 0 0
8 45 61.1183 68 75 61.2 69 1 1 1 0 0
8 45 61.1183 69 75 61.2 70 1 -5.88197e+14 1 1.27147e+14 0
8 45 61.1183 70 75 61.2 71 1 1 1 0 0
8 45 61.1183 71 75 61.2 72 1 1 1 0 0
8 45 61.1183 72 75 61.2 73 1 -5.88197e+14 1 1.27147e+14 0
8 45 61.1183 73 75 61.2 74 1 1 1 0 0
8 45 61.1183 74 75 61.2 75 1 1 1 0 0
8 59.9 58.8 75 61.1 62.2 105 1 1 1 0 0
8 59.9 58.8 15 61.1 62.2 45 1 1 1 0 0
