8 0 0 8.5 60 60 51.5 10
8 22.5 29.375 22.5 37.5 29.4158 23 1 1 1 0 0
8 22.5 29.375 23 37.5 29.4158 23.5 1 1 1 0 0
8 22.5 29.375 23.5 37.5 29.4158 24 1 -5.88197e+14 1 1.27147e+14 0
8 22.5 29.375 24 37.5 29.4158 24.5 1 1 1 0 0
8 22.5 29.375 24.5 37.5 29.4158 25 1 1 1 0 0
8 22.5 29.375 25 37.5 29.4158 25.5 1 -5.88197e+14 1 1.27147e+14 0
8 22.5 29.375 25.5 37.5 29.4158 26 1 1 1 0 0
8 22.5 29.375 26 37.5 29.4158 26.5 1 1 1 0 0
8 22.5 29.375 26.5 37.5 29.4158 27 1 -5.88197e+14 1 1.27147e+14 0
8 22.5 29.375 27 37.5 29.4158 27.5 1 1 1 0 0
8 22.5 29.375 27.5 37.5 29.4158 28 1 1 1 0 0
8 22.5 29.375 28 37.5 29.4158 28.5 1 -5.88197e+14 1 1.27147e+14 0
8 22.5 29.375 28.5 37.5 29.4158 29 1 1 1 0 0
8 22.5 29.375 29 37.5 29.4158 29.5 1 1 1 0 0
8 22.5 29.375 29.5 37.5 29.4158 30 1 -5.88197e+14 1 1.27147e+14 0
8 22.5 29.375 30 37.5 29.4158 30.5 1 1 1 0 0
8 22.5 29.375 30.5 37.5 29.4158 31 1 1 1 0 0
8 22.5 29.375 31 37.5 29.4158 31.5 1 -5.88197e+14 1 1.27147e+14 0
8 22.5 29.375 31.5 37.5 29.4158 32 1 1 1 0 0
8 22.5 29.375 32 37.5 29.4158 32.5 1 1 1 0 0
8 22.5 29.375 32.5 37.5 29.4158 33 1 -5.88197e+14 1 1.27147e+14 0
8 22.5 29.375 33 37.5 29.4158 33.5 1 1 1 0 0
8 22.5 29.375 33.5 37.5 29.4158 34 1 1 1 0 0
8 22.5 29.375 34 37.5 29.4158 34.5 1 -5.88197e+14 1 1.27147e+14 0
8 22.5 29.375 34.5 37.5 29.4158 35 1 1 1 0 0
8 22.5 29.375 35 37.5 29.4158 35.5 1 1 1 0 0
8 22.5 29.375 35.5 37.5 29.4158 36 1 -5.88197e+14 1 1.27147e+14 0
8 22.5 29.375 36 37.5 29.4158 36.5 1 1 1 0 0
8 22.5 29.375 36.5 37.5 29.4158 37 1 1 1 0 0
8 22.5 29.375 37 37.5 29.4158 37.5 1 -5.88197e+14 1 1.27147e+14 0
8 22.5 29.4158 22.5 37.5 29.4567 23 1 1 1 0 0
8 22.5 29.4158 23 37.5 29.4567 23.5 1 -5.88197e+14 1 1.27147e+14 0
8 22.5 29.4158 23.5 37.5 29.4567 24 1 1 1 0 0
8 22.5 29.4158 24 37.5 29.4567 24.5 1 1 1 0 0
8 22.5 29.4158 24.5 37.5 29.4567 25 1 -5.88197e+14 1 1.27147e+14 0
8 22.5 29.4158 25 37.5 29.4567 25.5 1 1 1 0 0
8 22.5 29.4158 25.5 37.5 29.4567 26 1 1 1 0 0
8 22.5 29.4158 26 37.5 29.4567 26.5 1 -5.88197e+14 1 1.27147e+14 0
8 22.5 29.4158 26.5 37.5 29.4567 27 1 1 1 0 0
8 22.5 29.4158 27 37.5 29.4567 27.5 1 1 1 0 0
8 22.5 29.4158 27.5 37.5 29.4567 28 1 -5.88197e+14 1 1.27147e+14 0
8 22.5 29.4158 28 37.5 29.4567 28.5 1 1 1 0 0
8 22.5 29.4158 28.5 37.5 29.4567 29 1 1 1 0 0
8 22.5 29.4158 29 37.5 29.4567 29.5 1 -5.88197e+14 1 1.27147e+14 0
8 22.5 29.4158 29.5 37.5 29.4567 30 1 1 1 0 0
8 22.5 29.4158 30 37.5 29.4567 30.5 1 1 1 0 0
8 22.5 29.4158 30.5 37.5 29.4567 31 1 -5.88197e+14 1 1.27147e+14 0
8 22.5 29.4158 31 37.5 29.4567 31.5 1 1 1 0 0
8 22.5 29.4158 31.5 37.5 29.4567 32 1 1 1 0 0
8 22.5 29.4158 32 37.5 29.4567 32.5 1 -5.88197e+14 1 1.27147e+14 0
8 22.5 29.4158 32.5 37.5 29.4567 33 1 1 1 0 0
8 22.5 29.4158 33 37.5 29.4567 33.5 1 1 1 0 0
8 22.5 29.4158 33.5 37.5 29.4567 34 1 -5.88197e+14 1 1.27147e+14 0
8 22.5 29.4158 34 37.5 29.4567 34.5 1 1 1 0 0
8 22.5 29.4158 34.5 37.5 29.4567 35 1 1 1 0 0
8 22.5 29.4158 35 37.5 29.4567 35.5 1 -5.88197e+14 1 1.27147e+14 0
8 22.5 29.4158 35.5 37.5 29.4567 36 1 1 1 0 0
8 22.5 29.4158 36 37.5 29.4567 36.5 1 1 1 0 0
8 22.5 29.4158 36.5 37.5 29.4567 37 1 -5.88197e+14 1 1.27147e+14 0
8 22.5 29.4158 37 37.5 29.4567 37.5 1 1 1 0 0
8 22.5 29.4567 22.5 37.5 29.4975 23 1 -5.88197e+14 1 1.27147e+14 0
8 22.5 29.4567 23 37.5 29.4975 23.5 1 1 1 0 0
8 22.5 29.4567 23.5 37.5 29.4975 24 1 1 1 0 0
8 22.5 29.4567 24 37.5 29.4975 24.5 1 -5.88197e+14 1 1.27147e+14 0
8 22.5 29.4567 24.5 37.5 29.4975 25 1 1 1 0 0
8 22.5 29.4567 25 37.5 29.4975 25.5 1 1 1 0 0
8 22.5 29.4567 25.5 37.5 29.4975 26 1 -5.88197e+14 1 1.27147e+14 0
8 22.5 29.4567 26 37.5 29.4975 26.5 1 1 1 0 0
8 22.5 29.4567 26.5 37.5 29.4975 27 1 1 1 0 0
8 22.5 29.4567 27 37.5 29.4975 27.5 1 -5.88197e+14 1 1.27147e+14 0
8 22.5 29.4567 27.5 37.5 29.4975 28 1 1 1 0 0
8 22.5 29.4567 28 37.5 29.4975 28.5 1 1 1 0 0
8 22.5 29.4567 28.5 37.5 29.4975 29 1 -5.88197e+14 1 1.27147e+14 0
8 22.5 29.4567 29 37.5 29.4975 29.5 1 1 1 0 0
8 22.5 29.4567 29.5 37.5 29.4975 30 1 1 1 0 0
8 22.5 29.4567 30 37.5 29.4975 30.5 1 -5.88197e+14 1 1.27147e+14 0
8 22.5 29.4567 30.5 37.5 29.4975 31 1 1 1 0 0
8 22.5 29.4567 31 37.5 29.4975 31.5 1 1 1 0 0
8 22.5 29.4567 31.5 37.5 29.4975 32 1 -5.88197e+14 1 1.27147e+14 0
8 22.5 29.4567 32 37.5 29.4975 32.5 1 1 1 0 0
8 22.5 29.4567 32.5 37.5 29.4975 33 1 1 1 0 0
8 22.5 29.4567 33 37.5 29.4975 33.5 1 -5.88197e+14 1 1.27147e+14 0
8 22.5 29.4567 33.5 37.5 29.4975 34 1 1 1 0 0
8 22.5 29.4567 34 37.5 29.4975 34.5 1 1 1 0 0
8 22.5 29.4567 34.5 37.5 29.4975 35 1 -5.88197e+14 1 1.27147e+14 0
8 22.5 29.4567 35 37.5 29.4975 35.5 1 1 1 0 0
8 22.5 29.4567 35.5 37.5 29.4975 36 1 1 1 0 0
8 22.5 29.4567 36 37.5 29.4975 36.5 1 -5.88197e+14 1 1.27147e+14 0
8 22.5 29.4567 36.5 37.5 29.4975 37 1 1 1 0 0
8 22.5 29.4567 37 37.5 29.4975 37.5 1 1 1 0 0
8 22.5 29.4975 22.5 37.5 29.5383 23 1 1 1 0 0
8 22.5 29.4975 23 37.5 29.5383 23.5 1 1 1 0 0
8 22.5 29.4975 23.5 37.5 29.5383 24 1 -5.88197e+14 1 1.27147e+14 0
8 22.5 29.4975 24 37.5 29.5383 24.5 1 1 1 0 0
8 22.5 29.4975 24.5 37.5 29.5383 25 1 1 1 0 0
8 22.5 29.4975 25 37.5 29.5383 25.5 1 -5.88197e+14 1 1.27147e+14 0
8 22.5 29.4975 25.5 37.5 29.5383 26 1 1 1 0 0
8 22.5 29.4975 26 37.5 29.5383 26.5 1 1 1 0 0
8 22.5 29.4975 26.5 37.5 29.5383 27 1 -5.88197e+14 1 1.27147e+14 0
8 22.5 29.4975 27 37.5 29.5383 27.5 1 1 1 0 0
8 22.5 29.4975 27.5 37.5 29.5383 28 1 1 1 0 0
8 22.5 29.4975 28 37.5 29.5383 28.5 1 -5.88197e+14 1 1.27147e+14 0
8 22.5 29.4975 28.5 37.5 29.5383 29 1 1 1 0 0
8 22.5 29.4975 29 37.5 29.5383 29.5 1 1 1 0 0
8 22.5 29.4975 29.5 37.5 29.5383 30 1 -5.88197e+14 1 1.27147e+14 0
8 22.5 29.4975 30 37.5 29.5383 30.5 1 1 1 0 0
8 22.5 29.4975 30.5 37.5 29.5383 31 1 1 1 0 0
8 22.5 29.4975 31 37.5 29.5383 31.5 1 -5.88197e+14 1 1.27147e+14 0
8 22.5 29.4975 31.5 37.5 29.5383 32 1 1 1 0 0
8 22.5 29.4975 32 37.5 29.5383 32.5 1 1 1 0 0
8 22.5 29.4975 32.5 37.5 29.5383 33 1 -5.88197e+14 1 1.27147e+14 0
8 22.5 29.4975 33 37.5 29.5383 33.5 1 1 1 0 0
8 22.5 29.4975 33.5 37.5 29.5383 34 1 1 1 0 0
8 22.5 29.4975 34 37.5 29.5383 34.5 1 -5.88197e+14 1 1.27147e+14 0
8 22.5 29.4975 34.5 37.5 29.5383 35 1 1 1 0 0
8 22.5 29.4975 35 37.5 29.5383 35.5 1 1 1 0 0
8 22.5 29.4975 35.5 37.5 29.5383 36 1 -5.88197e+14 1 1.27147e+14 0
8 22.5 29.4975 36 37.5 29.5383 36.5 1 1 1 0 0
8 22.5 29.4975 36.5 37.5 29.5383 37 1 1 1 0 0
8 22.5 29.4975 37 37.5 29.5383 37.5 1 -5.88197e+14 1 1.27147e+14 0
8 22.5 29.5383 22.5 37.5 29.5792 23 1 1 1 0 0
8 22.5 29.5383 23 37.5 29.5792 23.5 1 -5.88197e+14 1 1.27147e+14 0
8 22.5 29.5383 23.5 37.5 29.5792 24 1 1 1 0 0
8 22.5 29.5383 24 37.5 29.5792 24.5 1 1 1 0 0
8 22.5 29.5383 24.5 37.5 29.5792 25 1 -5.88197e+14 1 1.27147e+14 0
8 22.5 29.5383 25 37.5 29.5792 25.5 1 1 1 0 0
8 22.5 29.5383 25.5 37.5 29.5792 26 1 1 1 0 0
8 22.5 29.5383 26 37.5 29.5792 26.5 1 -5.88197e+14 1 1.27147e+14 0
8 22.5 29.5383 26.5 37.5 29.5792 27 1 1 1 0 0
8 22.5 29.5383 27 37.5 29.5792 27.5 1 1 1 0 0
8 22.5 29.5383 27.5 37.5 29.5792 28 1 -5.88197e+14 1 1.27147e+14 0
8 22.5 29.5383 28 37.5 29.5792 28.5 1 1 1 0 0
8 22.5 29.5383 28.5 37.5 29.5792 29 1 1 1 0 0
8 22.5 29.5383 29 37.5 29.5792 29.5 1 -5.88197e+14 1 1.27147e+14 0
8 22.5 29.5383 29.5 37.5 29.5792 30 1 1 1 0 0
8 22.5 29.5383 30 37.5 29.5792 30.5 1 1 1 0 0
8 22.5 29.5383 30.5 37.5 29.5792 31 1 -5.88197e+14 1 1.27147e+14 0
8 22.5 29.5383 31 37.5 29.5792 31.5 1 1 1 0 0
8 22.5 29.5383 31.5 37.5 29.5792 32 1 1 1 0 0
8 22.5 29.5383 32 37.5 29.5792 32.5 1 -5.88197e+14 1 1.27147e+14 0
8 22.5 29.5383 32.5 37.5 29.5792 33 1 1 1 0 0
8 22.5 29.5383 33 37.5 29.5792 33.5 1 1 1 0 0
8 22.5 29.5383 33.5 37.5 29.5792 34 1 -5.88197e+14 1 1.27147e+14 0
8 22.5 29.5383 34 37.5 29.5792 34.5 1 1 1 0 0
8 22.5 29.5383 34.5 37.5 29.5792 35 1 1 1 0 0
8 22.5 29.5383 35 37.5 29.5792 35.5 1 -5.88197e+14 1 1.27147e+14 0
8 22.5 29.5383 35.5 37.5 29.5792 36 1 1 1 0 0
8 22.5 29.5383 36 37.5 29.5792 36.5 1 1 1 0 0
8 22.5 29.5383 36.5 37.5 29.5792 37 1 -5.88197e+14 1 1.27147e+14 0
8 22.5 29.5383 37 37.5 29.5792 37.5 1 1 1 0 0
8 22.5 29.5792 22.5 37.5 29.62 23 1 -5.88197e+14 1 1.27147e+14 0
8 22.5 29.5792 23 37.5 29.62 23.5 1 1 1 0 0
8 22.5 29.5792 23.5 37.5 29.62 24 1 1 1 0 0
8 22.5 29.5792 24 37.5 29.62 24.5 1 -5.88197e+14 1 1.27147e+14 0
8 22.5 29.5792 24.5 37.5 29.62 25 1 1 1 0 0
8 22.5 29.5792 25 37.5 29.62 25.5 1 1 1 0 0
8 22.5 29.5792 25.5 37.5 29.62 26 1 -5.88197e+14 1 1.27147e+14 0
8 22.5 29.5792 26 37.5 29.62 26.5 1 1 1 0 0
8 22.5 29.5792 26.5 37.5 29.62 27 1 1 1 0 0
8 22.5 29.5792 27 37.5 29.62 27.5 1 -5.88197e+14 1 1.27147e+14 0
8 22.5 29.5792 27.5 37.5 29.62 28 1 1 1 0 0
8 22.5 29.5792 28 37.5 29.62 28.5 1 1 1 0 0
8 22.5 29.5792 28.5 37.5 29.62 29 1 -5.88197e+14 1 1.27147e+14 0
8 22.5 29.5792 29 37.5 29.62 29.5 1 1 1 0 0
8 22.5 29.5792 29.5 37.5 29.62 30 1 1 1 0 0
8 22.5 29.5792 30 37.5 29.62 30.5 1 -5.88197e+14 1 1.27147e+14 0
8 22.5 29.5792 30.5 37.5 29.62 31 1 1 1 0 0
8 22.5 29.5792 31 37.5 29.62 31.5 1 1 1 0 0
8 22.5 29.5792 31.5 37.5 29.62 32 1 -5.88197e+14 1 1.27147e+14 0
8 22.5 29.5792 32 37.5 29.62 32.5 1 1 1 0 0
8 22.5 29.5792 32.5 37.5 29.62 33 1 1 1 0 0
8 22.5 29.5792 33 37.5 29.62 33.5 1 -5.88197e+14 1 1.27147e+14 0
8 22.5 29.5792 33.5 37.5 29.62 34 1 1 1 0 0
8 22.5 29.5792 34 37.5 29.62 34.5 1 1 1 0 0
8 22.5 29.5792 34.5 37.5 29.62 35 1 -5.88197e+14 1 1.27147e+14 0
8 22.5 29.5792 35 37.5 29.62 35.5 1 1 1 0 0
8 22.5 29.5792 35.5 37.5 29.62 36 1 1 1 0 0
8 22.5 29.5792 36 37.5 29.62 36.5 1 -5.88197e+14 1 1.27147e+14 0
8 22.5 29.5792 36.5 37.5 29.62 37 1 1 1 0 0
8 22.5 29.5792 37 37.5 29.62 37.5 1 1 1 0 0
8 22.5 29.62 22.5 37.5 29.6608 23 1 1 1 0 0
8 22.5 29.62 23 37.5 29.6608 23.5 1 1 1 0 0
8 22.5 29.62 23.5 37.5 29.6608 24 1 -5.88197e+14 1 1.27147e+14 0
8 22.5 29.62 24 37.5 29.6608 24.5 1 1 1 0 0
8 22.5 29.62 24.5 37.5 29.6608 25 1 1 1 0 0
8 22.5 29.62 25 37.5 29.6608 25.5 1 -5.88197e+14 1 1.27147e+14 0
8 22.5 29.62 25.5 37.5 29.6608 26 1 1 1 0 0
8 22.5 29.62 26 37.5 29.6608 26.5 1 1 1 0 0
8 22.5 29.62 26.5 37.5 29.6608 27 1 -5.88197e+14 1 1.27147e+14 0
8 22.5 29.62 27 37.5 29.6608 27.5 1 1 1 0 0
8 22.5 29.62 27.5 37.5 29.6608 28 1 1 1 0 0
8 22.5 29.62 28 37.5 29.6608 28.5 1 -5.88197e+14 1 1.27147e+14 0
8 22.5 29.62 28.5 37.5 29.6608 29 1 1 1 0 0
8 22.5 29.62 29 37.5 29.6608 29.5 1 1 1 0 0
8 22.5 29.62 29.5 37.5 29.6608 30 1 -5.88197e+14 1 1.27147e+14 0
8 22.5 29.62 30 37.5 29.6608 30.5 1 1 1 0 0
8 22.5 29.62 30.5 37.5 29.6608 31 1 1 1 0 0
8 22.5 29.62 31 37.5 29.6608 31.5 1 -5.88197e+14 1 1.27147e+14 0
8 22.5 29.62 31.5 37.5 29.6608 32 1 1 1 0 0
8 22.5 29.62 32 37.5 29.6608 32.5 1 1 1 0 0
8 22.5 29.62 32.5 37.5 29.6608 33 1 -5.88197e+14 1 1.27147e+14 0
8 22.5 29.62 33 37.5 29.6608 33.5 1 1 1 0 0
8 22.5 29.62 33.5 37.5 29.6608 34 1 1 1 0 0
8 22.5 29.62 34 37.5 29.6608 34.5 1 -5.88197e+14 1 1.27147e+14 0
8 22.5 29.62 34.5 37.5 29.6608 35 1 1 1 0 0
8 22.5 29.62 35 37.5 29.6608 35.5 1 1 1 0 0
8 22.5 29.62 35.5 37.5 29.6608 36 1 -5.88197e+14 1 1.27147e+14 0
8 22.5 29.62 36 37.5 29.6608 36.5 1 1 1 0 0
8 22.5 29.62 36.5 37.5 29.6608 37 1 1 1 0 0
8 22.5 29.62 37 37.5 29.6608 37.5 1 -5.88197e+14 1 1.27147e+14 0
8 22.5 29.6608 22.5 37.5 29.7017 23 1 1 1 0 0
8 22.5 29.6608 23 37.5 29.7017 23.5 1 -5.88197e+14 1 1.27147e+14 0
8 22.5 29.6608 23.5 37.5 29.7017 24 1 1 1 0 0
8 22.5 29.6608 24 37.5 29.7017 24.5 1 1 1 0 0
8 22.5 29.6608 24.5 37.5 29.7017 25 1 -5.88197e+14 1 1.27147e+14 0
8 22.5 29.6608 25 37.5 29.7017 25.5 1 1 1 0 0
8 22.5 29.6608 25.5 37.5 29.7017 26 1 1 1 0 0
8 22.5 29.6608 26 37.5 29.7017 26.5 1 -5.88197e+14 1 1.27147e+14 0
8 22.5 29.6608 26.5 37.5 29.7017 27 1 1 1 0 0
8 22.5 29.6608 27 37.5 29.7017 27.5 1 1 1 0 0
8 22.5 29.6608 27.5 37.5 29.7017 28 1 -5.88197e+14 1 1.27147e+14 0
8 22.5 29.6608 28 37.5 29.7017 28.5 1 1 1 0 0
8 22.5 29.6608 28.5 37.5 29.7017 29 1 1 1 0 0
8 22.5 29.6608 29 37.5 29.7017 29.5 1 -5.88197e+14 1 1.27147e+14 0
8 22.5 29.6608 29.5 37.5 29.7017 30 1 1 1 0 0
8 22.5 29.6608 30 37.5 29.7017 30.5 1 1 1 0 0
8 22.5 29.6608 30.5 37.5 29.7017 31 1 -5.88197e+14 1 1.27147e+14 0
8 22.5 29.6608 31 37.5 29.7017 31.5 1 1 1 0 0
8 22.5 29.6608 31.5 37.5 29.7017 32 1 1 1 0 0
8 22.5 29.6608 32 37.5 29.7017 32.5 1 -5.88197e+14 1 1.27147e+14 0
8 22.5 29.6608 32.5 37.5 29.7017 33 1 1 1 0 0
8 22.5 29.6608 33 37.5 29.7017 33.5 1 1 1 0 0
8 22.5 29.6608 33.5 37.5 29.7017 34 1 -5.88197e+14 1 1.27147e+14 0
8 22.5 29.6608 34 37.5 29.7017 34.5 1 1 1 0 0
8 22.5 29.6608 34.5 37.5 29.7017 35 1 1 1 0 0
8 22.5 29.6608 35 37.5 29.7017 35.5 1 -5.88197e+14 1 1.27147e+14 0
8 22.5 29.6608 35.5 37.5 29.7017 36 1 1 1 0 0
8 22.5 29.6608 36 37.5 29.7017 36.5 1 1 1 0 0
8 22.5 29.6608 36.5 37.5 29.7017 37 1 -5.88197e+14 1 1.27147e+14 0
8 22.5 29.6608 37 37.5 29.7017 37.5 1 1 1 0 0
8 22.5 29.7017 22.5 37.5 29.7425 23 1 -5.88197e+14 1 1.27147e+14 0
8 22.5 29.7017 23 37.5 29.7425 23.5 1 1 1 0 0
8 22.5 29.7017 23.5 37.5 29.7425 24 1 1 1 0 0
8 22.5 29.7017 24 37.5 29.7425 24.5 1 -5.88197e+14 1 1.27147e+14 0
8 22.5 29.7017 24.5 37.5 29.7425 25 1 1 1 0 0
8 22.5 29.7017 25 37.5 29.7425 25.5 1 1 1 0 0
8 22.5 29.7017 25.5 37.5 29.7425 26 1 -5.88197e+14 1 1.27147e+14 0
8 22.5 29.7017 26 37.5 29.7425 26.5 1 1 1 0 0
8 22.5 29.7017 26.5 37.5 29.7425 27 1 1 1 0 0
8 22.5 29.7017 27 37.5 29.7425 27.5 1 -5.88197e+14 1 1.27147e+14 0
8 22.5 29.7017 27.5 37.5 29.7425 28 1 1 1 0 0
8 22.5 29.7017 28 37.5 29.7425 28.5 1 1 1 0 0
8 22.5 29.7017 28.5 37.5 29.7425 29 1 -5.88197e+14 1 1.27147e+14 0
8 22.5 29.7017 29 37.5 29.7425 29.5 1 1 1 0 0
8 22.5 29.7017 29.5 37.5 29.7425 30 1 1 1 0 0
8 22.5 29.7017 30 37.5 29.7425 30.5 1 -5.88197e+14 1 1.27147e+14 0
8 22.5 29.7017 30.5 37.5 29.7425 31 1 1 1 0 0
8 22.5 29.7017 31 37.5 29.7425 31.5 1 1 1 0 0
8 22.5 29.7017 31.5 37.5 29.7425 32 1 -5.88197e+14 1 1.27147e+14 0
8 22.5 29.7017 32 37.5 29.7425 32.5 1 1 1 0 0
8 22.5 29.7017 32.5 37.5 29.7425 33 1 1 1 0 0
8 22.5 29.7017 33 37.5 29.7425 33.5 1 -5.88197e+14 1 1.27147e+14 0
8 22.5 29.7017 33.5 37.5 29.7425 34 1 1 1 0 0
8 22.5 29.7017 34 37.5 29.7425 34.5 1 1 1 0 0
8 22.5 29.7017 34.5 37.5 29.7425 35 1 -5.88197e+14 1 1.27147e+14 0
8 22.5 29.7017 35 37.5 29.7425 35.5 1 1 1 0 0
8 22.5 29.7017 35.5 37.5 29.7425 36 1 1 1 0 0
8 22.5 29.7017 36 37.5 29.7425 36.5 1 -5.88197e+14 1 1.27147e+14 0
8 22.5 29.7017 36.5 37.5 29.7425 37 1 1 1 0 0
8 22.5 29.7017 37 37.5 29.7425 37.5 1 1 1 0 0
8 22.5 29.7425 22.5 37.5 29.7833 23 1 1 1 0 0
8 22.5 29.7425 23 37.5 29.7833 23.5 1 1 1 0 0
8 22.5 29.7425 23.5 37.5 29.7833 24 1 -5.88197e+14 1 1.27147e+14 0
8 22.5 29.7425 24 37.5 29.7833 24.5 1 1 1 0 0
8 22.5 29.7425 24.5 37.5 29.7833 25 1 1 1 0 0
8 22.5 29.7425 25 37.5 29.7833 25.5 1 -5.88197e+14 1 1.27147e+14 0
8 22.5 29.7425 25.5 37.5 29.7833 26 1 1 1 0 0
8 22.5 29.7425 26 37.5 29.7833 26.5 1 1 1 0 0
8 22.5 29.7425 26.5 37.5 29.7833 27 1 -5.88197e+14 1 1.27147e+14 0
8 22.5 29.7425 27 37.5 29.7833 27.5 1 1 1 0 0
8 22.5 29.7425 27.5 37.5 29.7833 28 1 1 1 0 0
8 22.5 29.7425 28 37.5 29.7833 28.5 1 -5.88197e+14 1 1.27147e+14 0
8 22.5 29.7425 28.5 37.5 29.7833 29 1 1 1 0 0
8 22.5 29.7425 29 37.5 29.7833 29.5 1 1 1 0 0
8 22.5 29.7425 29.5 37.5 29.7833 30 1 -5.88197e+14 1 1.27147e+14 0
8 22.5 29.7425 30 37.5 29.7833 30.5 1 1 1 0 0
8 22.5 29.7425 30.5 37.5 29.7833 31 1 1 1 0 0
8 22.5 29.7425 31 37.5 29.7833 31.5 1 -5.88197e+14 1 1.27147e+14 0
8 22.5 29.7425 31.5 37.5 29.7833 32 1 1 1 0 0
8 22.5 29.7425 32 37.5 29.7833 32.5 1 1 1 0 0
8 22.5 29.7425 32.5 37.5 29.7833 33 1 -5.88197e+14 1 1.27147e+14 0
8 22.5 29.7425 33 37.5 29.7833 33.5 1 1 1 0 0
8 22.5 29.7425 33.5 37.5 29.7833 34 1 1 1 0 0
8 22.5 29.7425 34 37.5 29.7833 34.5 1 -5.88197e+14 1 1.27147e+14 0
8 22.5 29.7425 34.5 37.5 29.7833 35 1 1 1 0 0
8 22.5 29.7425 35 37.5 29.7833 35.5 1 1 1 0 0
8 22.5 29.7425 35.5 37.5 29.7833 36 1 -5.88197e+14 1 1.27147e+14 0
8 22.5 29.7425 36 37.5 29.7833 36.5 1 1 1 0 0
8 22.5 29.7425 36.5 37.5 29.7833 37 1 1 1 0 0
8 22.5 29.7425 37 37.5 29.7833 37.5 1 -5.88197e+14 1 1.27147e+14 0
8 22.5 29.7833 22.5 37.5 29.8242 23 1 1 1 0 0
8 22.5 29.7833 23 37.5 29.8242 23.5 1 -5.88197e+14 1 1.27147e+14 0
8 22.5 29.7833 23.5 37.5 29.8242 24 1 1 1 0 0
8 22.5 29.7833 24 37.5 29.8242 24.5 1 1 1 0 0
8 22.5 29.7833 24.5 37.5 29.8242 25 1 -5.88197e+14 1 1.27147e+14 0
8 22.5 29.7833 25 37.5 29.8242 25.5 1 1 1 0 0
8 22.5 29.7833 25.5 37.5 29.8242 26 1 1 1 0 0
8 22.5 29.7833 26 37.5 29.8242 26.5 1 -5.88197e+14 1 1.27147e+14 0
8 22.5 29.7833 26.5 37.5 29.8242 27 1 1 1 0 0
8 22.5 29.7833 27 37.5 29.8242 27.5 1 1 1 0 0
8 22.5 29.7833 27.5 37.5 29.8242 28 1 -5.88197e+14 1 1.27147e+14 0
8 22.5 29.7833 28 37.5 29.8242 28.5 1 1 1 0 0
8 22.5 29.7833 28.5 37.5 29.8242 29 1 1 1 0 0
8 22.5 29.7833 29 37.5 29.8242 29.5 1 -5.88197e+14 1 1.27147e+14 0
8 22.5 29.7833 29.5 37.5 29.8242 30 1 1 1 0 0
8 22.5 29.7833 30 37.5 29.8242 30.5 1 1 1 0 0
8 22.5 29.7833 30.5 37.5 29.8242 31 1 -5.88197e+14 1 1.27147e+14 0
8 22.5 29.7833 31 37.5 29.8242 31.5 1 1 1 0 0
8 22.5 29.7833 31.5 37.5 29.8242 32 1 1 1 0 0
8 22.5 29.7833 32 37.5 29.8242 32.5 1 -5.88197e+14 1 1.27147e+14 0
8 22.5 29.7833 32.5 37.5 29.8242 33 1 1 1 0 0
8 22.5 29.7833 33 37.5 29.8242 33.5 1 1 1 0 0
8 22.5 29.7833 33.5 37.5 29.8242 34 1 -5.88197e+14 1 1.27147e+14 0
8 22.5 29.7833 34 37.5 29.8242 34.5 1 1 1 0 0
8 22.5 29.7833 34.5 37.5 29.8242 35 1 1 1 0 0
8 22.5 29.7833 35 37.5 29.8242 35.5 1 -5.88197e+14 1 1.27147e+14 0
8 22.5 29.7833 35.5 37.5 29.8242 36 1 1 1 0 0
8 22.5 29.7833 36 37.5 29.8242 36.5 1 1 1 0 0
8 22.5 29.7833 36.5 37.5 29.8242 37 1 -5.88197e+14 1 1.27147e+14 0
8 22.5 29.7833 37 37.5 29.8242 37.5 1 1 1 0 0
8 22.5 29.8242 22.5 37.5 29.865 23 1 -5.88197e+14 1 1.27147e+14 0
8 22.5 29.8242 23 37.5 29.865 23.5 1 1 1 0 0
8 22.5 29.8242 23.5 37.5 29.865 24 1 1 1 0 0
8 22.5 29.8242 24 37.5 29.865 24.5 1 -5.88197e+14 1 1.27147e+14 0
8 22.5 29.8242 24.5 37.5 29.865 25 1 1 1 0 0
8 22.5 29.8242 25 37.5 29.865 25.5 1 1 1 0 0
8 22.5 29.8242 25.5 37.5 29.865 26 1 -5.88197e+14 1 1.27147e+14 0
8 22.5 29.8242 26 37.5 29.865 26.5 1 1 1 0 0
8 22.5 29.8242 26.5 37.5 29.865 27 1 1 1 0 0
8 22.5 29.8242 27 37.5 29.865 27.5 1 -5.88197e+14 1 1.27147e+14 0
8 22.5 29.8242 27.5 37.5 29.865 28 1 1 1 0 0
8 22.5 29.8242 28 37.5 29.865 28.5 1 1 1 0 0
8 22.5 29.8242 28.5 37.5 29.865 29 1 -5.88197e+14 1 1.27147e+14 0
8 22.5 29.8242 29 37.5 29.865 29.5 1 1 1 0 0
8 22.5 29.8242 29.5 37.5 29.865 30 1 1 1 0 0
8 22.5 29.8242 30 37.5 29.865 30.5 1 -5.88197e+14 1 1.27147e+14 0
8 22.5 29.8242 30.5 37.5 29.865 31 1 1 1 0 0
8 22.5 29.8242 31 37.5 29.865 31.5 1 1 1 0 0
8 22.5 29.8242 31.5 37.5 29.865 32 1 -5.88197e+14 1 1.27147e+14 0
8 22.5 29.8242 32 37.5 29.865 32.5 1 1 1 0 0
8 22.5 29.8242 32.5 37.5 29.865 33 1 1 1 0 0
8 22.5 29.8242 33 37.5 29.865 33.5 1 -5.88197e+14 1 1.27147e+14 0
8 22.5 29.8242 33.5 37.5 29.865 34 1 1 1 0 0
8 22.5 29.8242 34 37.5 29.865 34.5 1 1 1 0 0
8 22.5 29.8242 34.5 37.5 29.865 35 1 -5.88197e+14 1 1.27147e+14 0
8 22.5 29.8242 35 37.5 29.865 35.5 1 1 1 0 0
8 22.5 29.8242 35.5 37.5 29.865 36 1 1 1 0 0
8 22.5 29.8242 36 37.5 29.865 36.5 1 -5.88197e+14 1 1.27147e+14 0
8 22.5 29.8242 36.5 37.5 29.865 37 1 1 1 0 0
8 22.5 29.8242 37 37.5 29.865 37.5 1 1 1 0 0
8 22.5 29.865 22.5 37.5 29.9058 23 1 1 1 0 0
8 22.5 29.865 23 37.5 29.9058 23.5 1 1 1 0 0
8 22.5 29.865 23.5 37.5 29.9058 24 1 -5.88197e+14 1 1.27147e+14 0
8 22.5 29.865 24 37.5 29.9058 24.5 1 1 1 0 0
8 22.5 29.865 24.5 37.5 29.9058 25 1 1 1 0 0
8 22.5 29.865 25 37.5 29.9058 25.5 1 -5.88197e+14 1 1.27147e+14 0
8 22.5 29.865 25.5 37.5 29.9058 26 1 1 1 0 0
8 22.5 29.865 26 37.5 29.9058 26.5 1 1 1 0 0
8 22.5 29.865 26.5 37.5 29.9058 27 1 -5.88197e+14 1 1.27147e+14 0
8 22.5 29.865 27 37.5 29.9058 27.5 1 1 1 0 0
8 22.5 29.865 27.5 37.5 29.9058 28 1 1 1 0 0
8 22.5 29.865 28 37.5 29.9058 28.5 1 -5.88197e+14 1 1.27147e+14 0
8 22.5 29.865 28.5 37.5 29.9058 29 1 1 1 0 0
8 22.5 29.865 29 37.5 29.9058 29.5 1 1 1 0 0
8 22.5 29.865 29.5 37.5 29.9058 30 1 -5.88197e+14 1 1.27147e+14 0
8 22.5 29.865 30 37.5 29.9058 30.5 1 1 1 0 0
8 22.5 29.865 30.5 37.5 29.9058 31 1 1 1 0 0
8 22.5 29.865 31 37.5 29.9058 31.5 1 -5.88197e+14 1 1.27147e+14 0
8 22.5 29.865 31.5 37.5 29.9058 32 1 1 1 0 0
8 22.5 29.865 32 37.5 29.9058 32.5 1 1 1 0 0
8 22.5 29.865 32.5 37.5 29.9058 33 1 -5.88197e+14 1 1.27147e+14 0
8 22.5 29.865 33 37.5 29.9058 33.5 1 1 1 0 0
8 22.5 29.865 33.5 37.5 29.9058 34 1 1 1 0 0
8 22.5 29.865 34 37.5 29.9058 34.5 1 -5.88197e+14 1 1.27147e+14 0
8 22.5 29.865 34.5 37.5 29.9058 35 1 1 1 0 0
8 22.5 29.865 35 37.5 29.9058 35.5 1 1 1 0 0
8 22.5 29.865 35.5 37.5 29.9058 36 1 -5.88197e+14 1 1.27147e+14 0
8 22.5 29.865 36 37.5 29.9058 36.5 1 1 1 0 0
8 22.5 29.865 36.5 37.5 29.9058 37 1 1 1 0 0
8 22.5 29.865 37 37.5 29.9058 37.5 1 -5.88197e+14 1 1.27147e+14 0
8 22.5 29.9058 22.5 37.5 29.9467 23 1 1 1 0 0
8 22.5 29.9058 23 37.5 29.9467 23.5 1 -5.88197e+14 1 1.27147e+14 0
8 22.5 29.9058 23.5 37.5 29.9467 24 1 1 1 0 0
8 22.5 29.9058 24 37.5 29.9467 24.5 1 1 1 0 0
8 22.5 29.9058 24.5 37.5 29.9467 25 1 -5.88197e+14 1 1.27147e+14 0
8 22.5 29.9058 25 37.5 29.9467 25.5 1 1 1 0 0
8 22.5 29.9058 25.5 37.5 29.9467 26 1 1 1 0 0
8 22.5 29.9058 26 37.5 29.9467 26.5 1 -5.88197e+14 1 1.27147e+14 0
8 22.5 29.9058 26.5 37.5 29.9467 27 1 1 1 0 0
8 22.5 29.9058 27 37.5 29.9467 27.5 1 1 1 0 0
8 22.5 29.9058 27.5 37.5 29.9467 28 1 -5.88197e+14 1 1.27147e+14 0
8 22.5 29.9058 28 37.5 29.9467 28.5 1 1 1 0 0
8 22.5 29.9058 28.5 37.5 29.9467 29 1 1 1 0 0
8 22.5 29.9058 29 37.5 29.9467 29.5 1 -5.88197e+14 1 1.27147e+14 0
8 22.5 29.9058 29.5 37.5 29.9467 30 1 1 1 0 0
8 22.5 29.9058 30 37.5 29.9467 30.5 1 1 1 0 0
8 22.5 29.9058 30.5 37.5 29.9467 31 1 -5.88197e+14 1 1.27147e+14 0
8 22.5 29.9058 31 37.5 29.9467 31.5 1 1 1 0 0
8 22.5 29.9058 31.5 37.5 29.9467 32 1 1 1 0 0
8 22.5 29.9058 32 37.5 29.9467 32.5 1 -5.88197e+14 1 1.27147e+14 0
8 22.5 29.9058 32.5 37.5 29.9467 33 1 1 1 0 0
8 22.5 29.9058 33 37.5 29.9467 33.5 1 1 1 0 0
8 22.5 29.9058 33.5 37.5 29.9467 34 1 -5.88197e+14 1 1.27147e+14 0
8 22.5 29.9058 34 37.5 29.9467 34.5 1 1 1 0 0
8 22.5 29.9058 34.5 37.5 29.9467 35 1 1 1 0 0
8 22.5 29.9058 35 37.5 29.9467 35.5 1 -5.88197e+14 1 1.27147e+14 0
8 22.5 29.9058 35.5 37.5 29.9467 36 1 1 1 0 0
8 22.5 29.9058 36 37.5 29.9467 36.5 1 1 1 0 0
8 22.5 29.9058 36.5 37.5 29.9467 37 1 -5.88197e+14 1 1.27147e+14 0
8 22.5 29.9058 37 37.5 29.9467 37.5 1 1 1 0 0
8 22.5 29.9467 22.5 37.5 29.9875 23 1 -5.88197e+14 1 1.27147e+14 0
8 22.5 29.9467 23 37.5 29.9875 23.5 1 1 1 0 0
8 22.5 29.9467 23.5 37.5 29.9875 24 1 1 1 0 0
8 22.5 29.9467 24 37.5 29.9875 24.5 1 -5.88197e+14 1 1.27147e+14 0
8 22.5 29.9467 24.5 37.5 29.9875 25 1 1 1 0 0
8 22.5 29.9467 25 37.5 29.9875 25.5 1 1 1 0 0
8 22.5 29.9467 25.5 37.5 29.9875 26 1 -5.88197e+14 1 1.27147e+14 0
8 22.5 29.9467 26 37.5 29.9875 26.5 1 1 1 0 0
8 22.5 29.9467 26.5 37.5 29.9875 27 1 1 1 0 0
8 22.5 29.9467 27 37.5 29.9875 27.5 1 -5.88197e+14 1 1.27147e+14 0
8 22.5 29.9467 27.5 37.5 29.9875 28 1 1 1 0 0
8 22.5 29.9467 28 37.5 29.9875 28.5 1 1 1 0 0
8 22.5 29.9467 28.5 37.5 29.9875 29 1 -5.88197e+14 1 1.27147e+14 0
8 22.5 29.9467 29 37.5 29.9875 29.5 1 1 1 0 0
8 22.5 29.9467 29.5 37.5 29.9875 30 1 1 1 0 0
8 22.5 29.9467 30 37.5 29.9875 30.5 1 -5.88197e+14 1 1.27147e+14 0
8 22.5 29.9467 30.5 37.5 29.9875 31 1 1 1 0 0
8 22.5 29.9467 31 37.5 29.9875 31.5 1 1 1 0 0
8 22.5 29.9467 31.5 37.5 29.9875 32 1 -5.88197e+14 1 1.27147e+14 0
8 22.5 29.9467 32 37.5 29.9875 32.5 1 1 1 0 0
8 22.5 29.9467 32.5 37.5 29.9875 33 1 1 1 0 0
8 22.5 29.9467 33 37.5 29.9875 33.5 1 -5.88197e+14 1 1.27147e+14 0
8 22.5 29.9467 33.5 37.5 29.9875 34 1 1 1 0 0
8 22.5 29.9467 34 37.5 29.9875 34.5 1 1 1 0 0
8 22.5 29.9467 34.5 37.5 29.9875 35 1 -5.88197e+14 1 1.27147e+14 0
8 22.5 29.9467 35 37.5 29.9875 35.5 1 1 1 0 0
8 22.5 29.9467 35.5 37.5 29.9875 36 1 1 1 0 0
8 22.5 29.9467 36 37.5 29.9875 36.5 1 -5.88197e+14 1 1.27147e+14 0
8 22.5 29.9467 36.5 37.5 29.9875 37 1 1 1 0 0
8 22.5 29.9467 37 37.5 29.9875 37.5 1 1 1 0 0
8 22.5 29.9875 22.5 37.5 30.0283 23 1 1 1 0 0
8 22.5 29.9875 23 37.5 30.0283 23.5 1 1 1 0 0
8 22.5 29.9875 23.5 37.5 30.0283 24 1 -5.88197e+14 1 1.27147e+14 0
8 22.5 29.9875 24 37.5 30.0283 24.5 1 1 1 0 0
8 22.5 29.9875 24.5 37.5 30.0283 25 1 1 1 0 0
8 22.5 29.9875 25 37.5 30.0283 25.5 1 -5.88197e+14 1 1.27147e+14 0
8 22.5 29.9875 25.5 37.5 30.0283 26 1 1 1 0 0
8 22.5 29.9875 26 37.5 30.0283 26.5 1 1 1 0 0
8 22.5 29.9875 26.5 37.5 30.0283 27 1 -5.88197e+14 1 1.27147e+14 0
8 22.5 29.9875 27 37.5 30.0283 27.5 1 1 1 0 0
8 22.5 29.9875 27.5 37.5 30.0283 28 1 1 1 0 0
8 22.5 29.9875 28 37.5 30.0283 28.5 1 -5.88197e+14 1 1.27147e+14 0
8 22.5 29.9875 28.5 37.5 30.0283 29 1 1 1 0 0
8 22.5 29.9875 29 37.5 30.0283 29.5 1 1 1 0 0
8 22.5 29.9875 29.5 37.5 30.0283 30 1 -5.88197e+14 1 1.27147e+14 0
8 22.5 29.9875 30 37.5 30.0283 30.5 1 1 1 0 0
8 22.5 29.9875 30.5 37.5 30.0283 31 1 1 1 0 0
8 22.5 29.9875 31 37.5 30.0283 31.5 1 -5.88197e+14 1 1.27147e+14 0
8 22.5 29.9875 31.5 37.5 30.0283 32 1 1 1 0 0
8 22.5 29.9875 32 37.5 30.0283 32.5 1 1 1 0 0
8 22.5 29.9875 32.5 37.5 30.0283 33 1 -5.88197e+14 1 1.27147e+14 0
8 22.5 29.9875 33 37.5 30.0283 33.5 1 1 1 0 0
8 22.5 29.9875 33.5 37.5 30.0283 34 1 1 1 0 0
8 22.5 29.9875 34 37.5 30.0283 34.5 1 -5.88197e+14 1 1.27147e+14 0
8 22.5 29.9875 34.5 37.5 30.0283 35 1 1 1 0 0
8 22.5 29.9875 35 37.5 30.0283 35.5 1 1 1 0 0
8 22.5 29.9875 35.5 37.5 30.0283 36 1 -5.88197e+14 1 1.27147e+14 0
8 22.5 29.9875 36 37.5 30.0283 36.5 1 1 1 0 0
8 22.5 29.9875 36.5 37.5 30.0283 37 1 1 1 0 0
8 22.5 29.9875 37 37.5 30.0283 37.5 1 -5.88197e+14 1 1.27147e+14 0
8 22.5 30.0283 22.5 37.5 30.0692 23 1 1 1 0 0
8 22.5 30.0283 23 37.5 30.0692 23.5 1 -5.88197e+14 1 1.27147e+14 0
8 22.5 30.0283 23.5 37.5 30.0692 24 1 1 1 0 0
8 22.5 30.0283 24 37.5 30.0692 24.5 1 1 1 0 0
8 22.5 30.0283 24.5 37.5 30.0692 25 1 -5.88197e+14 1 1.27147e+14 0
8 22.5 30.0283 25 37.5 30.0692 25.5 1 1 1 0 0
8 22.5 30.0283 25.5 37.5 30.0692 26 1 1 1 0 0
8 22.5 30.0283 26 37.5 30.0692 26.5 1 -5.88197e+14 1 1.27147e+14 0
8 22.5 30.0283 26.5 37.5 30.0692 27 1 1 1 0 0
8 22.5 30.0283 27 37.5 30.0692 27.5 1 1 1 0 0
8 22.5 30.0283 27.5 37.5 30.0692 28 1 -5.88197e+14 1 1.27147e+14 0
8 22.5 30.0283 28 37.5 30.0692 28.5 1 1 1 0 0
8 22.5 30.0283 28.5 37.5 30.0692 29 1 1 1 0 0
8 22.5 30.0283 29 37.5 30.0692 29.5 1 -5.88197e+14 1 1.27147e+14 0
8 22.5 30.0283 29.5 37.5 30.0692 30 1 1 1 0 0
8 22.5 30.0283 30 37.5 30.0692 30.5 1 1 1 0 0
8 22.5 30.0283 30.5 37.5 30.0692 31 1 -5.88197e+14 1 1.27147e+14 0
8 22.5 30.0283 31 37.5 30.0692 31.5 1 1 1 0 0
8 22.5 30.0283 31.5 37.5 30.0692 32 1 1 1 0 0
8 22.5 30.0283 32 37.5 30.0692 32.5 1 -5.88197e+14 1 1.27147e+14 0
8 22.5 30.0283 32.5 37.5 30.0692 33 1 1 1 0 0
8 22.5 30.0283 33 37.5 30.0692 33.5 1 1 1 0 0
8 22.5 30.0283 33.5 37.5 30.0692 34 1 -5.88197e+14 1 1.27147e+14 0
8 22.5 30.0283 34 37.5 30.0692 34.5 1 1 1 0 0
8 22.5 30.0283 34.5 37.5 30.0692 35 1 1 1 0 0
8 22.5 30.0283 35 37.5 30.0692 35.5 1 -5.88197e+14 1 1.27147e+14 0
8 22.5 30.0283 35.5 37.5 30.0692 36 1 1 1 0 0
8 22.5 30.0283 36 37.5 30.0692 36.5 1 1 1 0 0
8 22.5 30.0283 36.5 37.5 30.0692 37 1 -5.88197e+14 1 1.27147e+14 0
8 22.5 30.0283 37 37.5 30.0692 37.5 1 1 1 0 0
8 22.5 30.0692 22.5 37.5 30.11 23 1 -5.88197e+14 1 1.27147e+14 0
8 22.5 30.0692 23 37.5 30.11 23.5 1 1 1 0 0
8 22.5 30.0692 23.5 37.5 30.11 24 1 1 1 0 0
8 22.5 30.0692 24 37.5 30.11 24.5 1 -5.88197e+14 1 1.27147e+14 0
8 22.5 30.0692 24.5 37.5 30.11 25 1 1 1 0 0
8 22.5 30.0692 25 37.5 30.11 25.5 1 1 1 0 0
8 22.5 30.0692 25.5 37.5 30.11 26 1 -5.88197e+14 1 1.27147e+14 0
8 22.5 30.0692 26 37.5 30.11 26.5 1 1 1 0 0
8 22.5 30.0692 26.5 37.5 30.11 27 1 1 1 0 0
8 22.5 30.0692 27 37.5 30.11 27.5 1 -5.88197e+14 1 1.27147e+14 0
8 22.5 30.0692 27.5 37.5 30.11 28 1 1 1 0 0
8 22.5 30.0692 28 37.5 30.11 28.5 1 1 1 0 0
8 22.5 30.0692 28.5 37.5 30.11 29 1 -5.88197e+14 1 1.27147e+14 0
8 22.5 30.0692 29 37.5 30.11 29.5 1 1 1 0 0
8 22.5 30.0692 29.5 37.5 30.11 30 1 1 1 0 0
8 22.5 30.0692 30 37.5 30.11 30.5 1 -5.88197e+14 1 1.27147e+14 0
8 22.5 30.0692 30.5 37.5 30.11 31 1 1 1 0 0
8 22.5 30.0692 31 37.5 30.11 31.5 1 1 1 0 0
8 22.5 30.0692 31.5 37.5 30.11 32 1 -5.88197e+14 1 1.27147e+14 0
8 22.5 30.0692 32 37.5 30.11 32.5 1 1 1 0 0
8 22.5 30.0692 32.5 37.5 30.11 33 1 1 1 0 0
8 22.5 30.0692 33 37.5 30.11 33.5 1 -5.88197e+14 1 1.27147e+14 0
8 22.5 30.0692 33.5 37.5 30.11 34 1 1 1 0 0
8 22.5 30.0692 34 37.5 30.11 34.5 1 1 1 0 0
8 22.5 30.0692 34.5 37.5 30.11 35 1 -5.88197e+14 1 1.27147e+14 0
8 22.5 30.0692 35 37.5 30.11 35.5 1 1 1 0 0
8 22.5 30.0692 35.5 37.5 30.11 36 1 1 1 0 0
8 22.5 30.0692 36 37.5 30.11 36.5 1 -5.88197e+14 1 1.27147e+14 0
8 22.5 30.0692 36.5 37.5 30.11 37 1 1 1 0 0
8 22.5 30.0692 37 37.5 30.11 37.5 1 1 1 0 0
8 22.5 30.11 22.5 37.5 30.1508 23 1 1 1 0 0
8 22.5 30.11 23 37.5 30.1508 23.5 1 1 1 0 0
8 22.5 30.11 23.5 37.5 30.1508 24 1 -5.88197e+14 1 1.27147e+14 0
8 22.5 30.11 24 37.5 30.1508 24.5 1 1 1 0 0
8 22.5 30.11 24.5 37.5 30.1508 25 1 1 1 0 0
8 22.5 30.11 25 37.5 30.1508 25.5 1 -5.88197e+14 1 1.27147e+14 0
8 22.5 30.11 25.5 37.5 30.1508 26 1 1 1 0 0
8 22.5 30.11 26 37.5 30.1508 26.5 1 1 1 0 0
8 22.5 30.11 26.5 37.5 30.1508 27 1 -5.88197e+14 1 1.27147e+14 0
8 22.5 30.11 27 37.5 30.1508 27.5 1 1 1 0 0
8 22.5 30.11 27.5 37.5 30.1508 28 1 1 1 0 0
8 22.5 30.11 28 37.5 30.1508 28.5 1 -5.88197e+14 1 1.27147e+14 0
8 22.5 30.11 28.5 37.5 30.1508 29 1 1 1 0 0
8 22.5 30.11 29 37.5 30.1508 29.5 1 1 1 0 0
8 22.5 30.11 29.5 37.5 30.1508 30 1 -5.88197e+14 1 1.27147e+14 0
8 22.5 30.11 30 37.5 30.1508 30.5 1 1 1 0 0
8 22.5 30.11 30.5 37.5 30.1508 31 1 1 1 0 0
8 22.5 30.11 31 37.5 30.1508 31.5 1 -5.88197e+14 1 1.27147e+14 0
8 22.5 30.11 31.5 37.5 30.1508 32 1 1 1 0 0
8 22.5 30.11 32 37.5 30.1508 32.5 1 1 1 0 0
8 22.5 30.11 32.5 37.5 30.1508 33 1 -5.88197e+14 1 1.27147e+14 0
8 22.5 30.11 33 37.5 30.1508 33.5 1 1 1 0 0
8 22.5 30.11 33.5 37.5 30.1508 34 1 1 1 0 0
8 22.5 30.11 34 37.5 30.1508 34.5 1 -5.88197e+14 1 1.27147e+14 0
8 22.5 30.11 34.5 37.5 30.1508 35 1 1 1 0 0
8 22.5 30.11 35 37.5 30.1508 35.5 1 1 1 0 0
8 22.5 30.11 35.5 37.5 30.1508 36 1 -5.88197e+14 1 1.27147e+14 0
8 22.5 30.11 36 37.5 30.1508 36.5 1 1 1 0 0
8 22.5 30.11 36.5 37.5 30.1508 37 1 1 1 0 0
8 22.5 30.11 37 37.5 30.1508 37.5 1 -5.88197e+14 1 1.27147e+14 0
8 22.5 30.1508 22.5 37.5 30.1917 23 1 1 1 0 0
8 22.5 30.1508 23 37.5 30.1917 23.5 1 -5.88197e+14 1 1.27147e+14 0
8 22.5 30.1508 23.5 37.5 30.1917 24 1 1 1 0 0
8 22.5 30.1508 24 37.5 30.1917 24.5 1 1 1 0 0
8 22.5 30.1508 24.5 37.5 30.1917 25 1 -5.88197e+14 1 1.27147e+14 0
8 22.5 30.1508 25 37.5 30.1917 25.5 1 1 1 0 0
8 22.5 30.1508 25.5 37.5 30.1917 26 1 1 1 0 0
8 22.5 30.1508 26 37.5 30.1917 26.5 1 -5.88197e+14 1 1.27147e+14 0
8 22.5 30.1508 26.5 37.5 30.1917 27 1 1 1 0 0
8 22.5 30.1508 27 37.5 30.1917 27.5 1 1 1 0 0
8 22.5 30.1508 27.5 37.5 30.1917 28 1 -5.88197e+14 1 1.27147e+14 0
8 22.5 30.1508 28 37.5 30.1917 28.5 1 1 1 0 0
8 22.5 30.1508 28.5 37.5 30.1917 29 1 1 1 0 0
8 22.5 30.1508 29 37.5 30.1917 29.5 1 -5.88197e+14 1 1.27147e+14 0
8 22.5 30.1508 29.5 37.5 30.1917 30 1 1 1 0 0
8 22.5 30.1508 30 37.5 30.1917 30.5 1 1 1 0 0
8 22.5 30.1508 30.5 37.5 30.1917 31 1 -5.88197e+14 1 1.27147e+14 0
8 22.5 30.1508 31 37.5 30.1917 31.5 1 1 1 0 0
8 22.5 30.1508 31.5 37.5 30.1917 32 1 1 1 0 0
8 22.5 30.1508 32 37.5 30.1917 32.5 1 -5.88197e+14 1 1.27147e+14 0
8 22.5 30.1508 32.5 37.5 30.1917 33 1 1 1 0 0
8 22.5 30.1508 33 37.5 30.1917 33.5 1 1 1 0 0
8 22.5 30.1508 33.5 37.5 30.1917 34 1 -5.88197e+14 1 1.27147e+14 0
8 22.5 30.1508 34 37.5 30.1917 34.5 1 1 1 0 0
8 22.5 30.1508 34.5 37.5 30.1917 35 1 1 1 0 0
8 22.5 30.1508 35 37.5 30.1917 35.5 1 -5.88197e+14 1 1.27147e+14 0
8 22.5 30.1508 35.5 37.5 30.1917 36 1 1 1 0 0
8 22.5 30.1508 36 37.5 30.1917 36.5 1 1 1 0 0
8 22.5 30.1508 36.5 37.5 30.1917 37 1 -5.88197e+14 1 1.27147e+14 0
8 22.5 30.1508 37 37.5 30.1917 37.5 1 1 1 0 0
8 22.5 30.1917 22.5 37.5 30.2325 23 1 -5.88197e+14 1 1.27147e+14 0
8 22.5 30.1917 23 37.5 30.2325 23.5 1 1 1 0 0
8 22.5 30.1917 23.5 37.5 30.2325 24 1 1 1 0 0
8 22.5 30.1917 24 37.5 30.2325 24.5 1 -5.88197e+14 1 1.27147e+14 0
8 22.5 30.1917 24.5 37.5 30.2325 25 1 1 1 0 0
8 22.5 30.1917 25 37.5 30.2325 25.5 1 1 1 0 0
8 22.5 30.1917 25.5 37.5 30.2325 26 1 -5.88197e+14 1 1.27147e+14 0
8 22.5 30.1917 26 37.5 30.2325 26.5 1 1 1 0 0
8 22.5 30.1917 26.5 37.5 30.2325 27 1 1 1 0 0
8 22.5 30.1917 27 37.5 30.2325 27.5 1 -5.88197e+14 1 1.27147e+14 0
8 22.5 30.1917 27.5 37.5 30.2325 28 1 1 1 0 0
8 22.5 30.1917 28 37.5 30.2325 28.5 1 1 1 0 0
8 22.5 30.1917 28.5 37.5 30.2325 29 1 -5.88197e+14 1 1.27147e+14 0
8 22.5 30.1917 29 37.5 30.2325 29.5 1 1 1 0 0
8 22.5 30.1917 29.5 37.5 30.2325 30 1 1 1 0 0
8 22.5 30.1917 30 37.5 30.2325 30.5 1 -5.88197e+14 1 1.27147e+14 0
8 22.5 30.1917 30.5 37.5 30.2325 31 1 1 1 0 0
8 22.5 30.1917 31 37.5 30.2325 31.5 1 1 1 0 0
8 22.5 30.1917 31.5 37.5 30.2325 32 1 -5.88197e+14 1 1.27147e+14 0
8 22.5 30.1917 32 37.5 30.2325 32.5 1 1 1 0 0
8 22.5 30.1917 32.5 37.5 30.2325 33 1 1 1 0 0
8 22.5 30.1917 33 37.5 30.2325 33.5 1 -5.88197e+14 1 1.27147e+14 0
8 22.5 30.1917 33.5 37.5 30.2325 34 1 1 1 0 0
8 22.5 30.1917 34 37.5 30.2325 34.5 1 1 1 0 0
8 22.5 30.1917 34.5 37.5 30.2325 35 1 -5.88197e+14 1 1.27147e+14 0
8 22.5 30.1917 35 37.5 30.2325 35.5 1 1 1 0 0
8 22.5 30.1917 35.5 37.5 30.2325 36 1 1 1 0 0
8 22.5 30.1917 36 37.5 30.2325 36.5 1 -5.88197e+14 1 1.27147e+14 0
8 22.5 30.1917 36.5 37.5 30.2325 37 1 1 1 0 0
8 22.5 30.1917 37 37.5 30.2325 37.5 1 1 1 0 0
8 22.5 30.2325 22.5 37.5 30.2733 23 1 1 1 0 0
8 22.5 30.2325 23 37.5 30.2733 23.5 1 1 1 0 0
8 22.5 30.2325 23.5 37.5 30.2733 24 1 -5.88197e+14 1 1.27147e+14 0
8 22.5 30.2325 24 37.5 30.2733 24.5 1 1 1 0 0
8 22.5 30.2325 24.5 37.5 30.2733 25 1 1 1 0 0
8 22.5 30.2325 25 37.5 30.2733 25.5 1 -5.88197e+14 1 1.27147e+14 0
8 22.5 30.2325 25.5 37.5 30.2733 26 1 1 1 0 0
8 22.5 30.2325 26 37.5 30.2733 26.5 1 1 1 0 0
8 22.5 30.2325 26.5 37.5 30.2733 27 1 -5.88197e+14 1 1.27147e+14 0
8 22.5 30.2325 27 37.5 30.2733 27.5 1 1 1 0 0
8 22.5 30.2325 27.5 37.5 30.2733 28 1 1 1 0 0
8 22.5 30.2325 28 37.5 30.2733 28.5 1 -5.88197e+14 1 1.27147e+14 0
8 22.5 30.2325 28.5 37.5 30.2733 29 1 1 1 0 0
8 22.5 30.2325 29 37.5 30.2733 29.5 1 1 1 0 0
8 22.5 30.2325 29.5 37.5 30.2733 30 1 -5.88197e+14 1 1.27147e+14 0
8 22.5 30.2325 30 37.5 30.2733 30.5 1 1 1 0 0
8 22.5 30.2325 30.5 37.5 30.2733 31 1 1 1 0 0
8 22.5 30.2325 31 37.5 30.2733 31.5 1 -5.88197e+14 1 1.27147e+14 0
8 22.5 30.2325 31.5 37.5 30.2733 32 1 1 1 0 0
8 22.5 30.2325 32 37.5 30.2733 32.5 1 1 1 0 0
8 22.5 30.2325 32.5 37.5 30.2733 33 1 -5.88197e+14 1 1.27147e+14 0
8 22.5 30.2325 33 37.5 30.2733 33.5 1 1 1 0 0
8 22.5 30.2325 33.5 37.5 30.2733 34 1 1 1 0 0
8 22.5 30.2325 34 37.5 30.2733 34.5 1 -5.88197e+14 1 1.27147e+14 0
8 22.5 30.2325 34.5 37.5 30.2733 35 1 1 1 0 0
8 22.5 30.2325 35 37.5 30.2733 35.5 1 1 1 0 0
8 22.5 30.2325 35.5 37.5 30.2733 36 1 -5.88197e+14 1 1.27147e+14 0
8 22.5 30.2325 36 37.5 30.2733 36.5 1 1 1 0 0
8 22.5 30.2325 36.5 37.5 30.2733 37 1 1 1 0 0
8 22.5 30.2325 37 37.5 30.2733 37.5 1 -5.88197e+14 1 1.27147e+14 0
8 22.5 30.2733 22.5 37.5 30.3142 23 1 1 1 0 0
8 22.5 30.2733 23 37.5 30.3142 23.5 1 -5.88197e+14 1 1.27147e+14 0
8 22.5 30.2733 23.5 37.5 30.3142 24 1 1 1 0 0
8 22.5 30.2733 24 37.5 30.3142 24.5 1 1 1 0 0
8 22.5 30.2733 24.5 37.5 30.3142 25 1 -5.88197e+14 1 1.27147e+14 0
8 22.5 30.2733 25 37.5 30.3142 25.5 1 1 1 0 0
8 22.5 30.2733 25.5 37.5 30.3142 26 1 1 1 0 0
8 22.5 30.2733 26 37.5 30.3142 26.5 1 -5.88197e+14 1 1.27147e+14 0
8 22.5 30.2733 26.5 37.5 30.3142 27 1 1 1 0 0
8 22.5 30.2733 27 37.5 30.3142 27.5 1 1 1 0 0
8 22.5 30.2733 27.5 37.5 30.3142 28 1 -5.88197e+14 1 1.27147e+14 0
8 22.5 30.2733 28 37.5 30.3142 28.5 1 1 1 0 0
8 22.5 30.2733 28.5 37.5 30.3142 29 1 1 1 0 0
8 22.5 30.2733 29 37.5 30.3142 29.5 1 -5.88197e+14 1 1.27147e+14 0
8 22.5 30.2733 29.5 37.5 30.3142 30 1 1 1 0 0
8 22.5 30.2733 30 37.5 30.3142 30.5 1 1 1 0 0
8 22.5 30.2733 30.5 37.5 30.3142 31 1 -5.88197e+14 1 1.27147e+14 0
8 22.5 30.2733 31 37.5 30.3142 31.5 1 1 1 0 0
8 22.5 30.2733 31.5 37.5 30.3142 32 1 1 1 0 0
8 22.5 30.2733 32 37.5 30.3142 32.5 1 -5.88197e+14 1 1.27147e+14 0
8 22.5 30.2733 32.5 37.5 30.3142 33 1 1 1 0 0
8 22.5 30.2733 33 37.5 30.3142 33.5 1 1 1 0 0
8 22.5 30.2733 33.5 37.5 30.3142 34 1 -5.88197e+14 1 1.27147e+14 0
8 22.5 30.2733 34 37.5 30.3142 34.5 1 1 1 0 0
8 22.5 30.2733 34.5 37.5 30.3142 35 1 1 1 0 0
8 22.5 30.2733 35 37.5 30.3142 35.5 1 -5.88197e+14 1 1.27147e+14 0
8 22.5 30.2733 35.5 37.5 30.3142 36 1 1 1 0 0
8 22.5 30.2733 36 37.5 30.3142 36.5 1 1 1 0 0
8 22.5 30.2733 36.5 37.5 30.3142 37 1 -5.88197e+14 1 1.27147e+14 0
8 22.5 30.2733 37 37.5 30.3142 37.5 1 1 1 0 0
8 22.5 30.3142 22.5 37.5 30.355 23 1 -5.88197e+14 1 1.27147e+14 0
8 22.5 30.3142 23 37.5 30.355 23.5 1 1 1 0 0
8 22.5 30.3142 23.5 37.5 30.355 24 1 1 1 0 0
8 22.5 30.3142 24 37.5 30.355 24.5 1 -5.88197e+14 1 1.27147e+14 0
8 22.5 30.3142 24.5 37.5 30.355 25 1 1 1 0 0
8 22.5 30.3142 25 37.5 30.355 25.5 1 1 1 0 0
8 22.5 30.3142 25.5 37.5 30.355 26 1 -5.88197e+14 1 1.27147e+14 0
8 22.5 30.3142 26 37.5 30.355 26.5 1 1 1 0 0
8 22.5 30.3142 26.5 37.5 30.355 27 1 1 1 0 0
8 22.5 30.3142 27 37.5 30.355 27.5 1 -5.88197e+14 1 1.27147e+14 0
8 22.5 30.3142 27.5 37.5 30.355 28 1 1 1 0 0
8 22.5 30.3142 28 37.5 30.355 28.5 1 1 1 0 0
8 22.5 30.3142 28.5 37.5 30.355 29 1 -5.88197e+14 1 1.27147e+14 0
8 22.5 30.3142 29 37.5 30.355 29.5 1 1 1 0 0
8 22.5 30.3142 29.5 37.5 30.355 30 1 1 1 0 0
8 22.5 30.3142 30 37.5 30.355 30.5 1 -5.88197e+14 1 1.27147e+14 0
8 22.5 30.3142 30.5 37.5 30.355 31 1 1 1 0 0
8 22.5 30.3142 31 37.5 30.355 31.5 1 1 1 0 0
8 22.5 30.3142 31.5 37.5 30.355 32 1 -5.88197e+14 1 1.27147e+14 0
8 22.5 30.3142 32 37.5 30.355 32.5 1 1 1 0 0
8 22.5 30.3142 32.5 37.5 30.355 33 1 1 1 0 0
8 22.5 30.3142 33 37.5 30.355 33.5 1 -5.88197e+14 1 1.27147e+14 0
8 22.5 30.3142 33.5 37.5 30.355 34 1 1 1 0 0
8 22.5 30.3142 34 37.5 30.355 34.5 1 1 1 0 0
8 22.5 30.3142 34.5 37.5 30.355 35 1 -5.88197e+14 1 1.27147e+14 0
8 22.5 30.3142 35 37.5 30.355 35.5 1 1 1 0 0
8 22.5 30.3142 35.5 37.5 30.355 36 1 1 1 0 0
8 22.5 30.3142 36 37.5 30.355 36.5 1 -5.88197e+14 1 1.27147e+14 0
8 22.5 30.3142 36.5 37.5 30.355 37 1 1 1 0 0
8 22.5 30.3142 37 37.5 30.355 37.5 1 1 1 0 0
8 22.5 30.355 22.5 37.5 30.3958 23 1 1 1 0 0
8 22.5 30.355 23 37.5 30.3958 23.5 1 1 1 0 0
8 22.5 30.355 23.5 37.5 30.3958 24 1 -5.88197e+14 1 1.27147e+14 0
8 22.5 30.355 24 37.5 30.3958 24.5 1 1 1 0 0
8 22.5 30.355 24.5 37.5 30.3958 25 1 1 1 0 0
8 22.5 30.355 25 37.5 30.3958 25.5 1 -5.88197e+14 1 1.27147e+14 0
8 22.5 30.355 25.5 37.5 30.3958 26 1 1 1 0 0
8 22.5 30.355 26 37.5 30.3958 26.5 1 1 1 0 0
8 22.5 30.355 26.5 37.5 30.3958 27 1 -5.88197e+14 1 1.27147e+14 0
8 22.5 30.355 27 37.5 30.3958 27.5 1 1 1 0 0
8 22.5 30.355 27.5 37.5 30.3958 28 1 1 1 0 0
8 22.5 30.355 28 37.5 30.3958 28.5 1 -5.88197e+14 1 1.27147e+14 0
8 22.5 30.355 28.5 37.5 30.3958 29 1 1 1 0 0
8 22.5 30.355 29 37.5 30.3958 29.5 1 1 1 0 0
8 22.5 30.355 29.5 37.5 30.3958 30 1 -5.88197e+14 1 1.27147e+14 0
8 22.5 30.355 30 37.5 30.3958 30.5 1 1 1 0 0
8 22.5 30.355 30.5 37.5 30.3958 31 1 1 1 0 0
8 22.5 30.355 31 37.5 30.3958 31.5 1 -5.88197e+14 1 1.27147e+14 0
8 22.5 30.355 31.5 37.5 30.3958 32 1 1 1 0 0
8 22.5 30.355 32 37.5 30.3958 32.5 1 1 1 0 0
8 22.5 30.355 32.5 37.5 30.3958 33 1 -5.88197e+14 1 1.27147e+14 0
8 22.5 30.355 33 37.5 30.3958 33.5 1 1 1 0 0
8 22.5 30.355 33.5 37.5 30.3958 34 1 1 1 0 0
8 22.5 30.355 34 37.5 30.3958 34.5 1 -5.88197e+14 1 1.27147e+14 0
8 22.5 30.355 34.5 37.5 30.3958 35 1 1 1 0 0
8 22.5 30.355 35 37.5 30.3958 35.5 1 1 1 0 0
8 22.5 30.355 35.5 37.5 30.3958 36 1 -5.88197e+14 1 1.27147e+14 0
8 22.5 30.355 36 37.5 30.3958 36.5 1 1 1 0 0
8 22.5 30.355 36.5 37.5 30.3958 37 1 1 1 0 0
8 22.5 30.355 37 37.5 30.3958 37.5 1 -5.88197e+14 1 1.27147e+14 0
8 22.5 30.3958 22.5 37.5 30.4367 23 1 1 1 0 0
8 22.5 30.3958 23 37.5 30.4367 23.5 1 -5.88197e+14 1 1.27147e+14 0
8 22.5 30.3958 23.5 37.5 30.4367 24 1 1 1 0 0
8 22.5 30.3958 24 37.5 30.4367 24.5 1 1 1 0 0
8 22.5 30.3958 24.5 37.5 30.4367 25 1 -5.88197e+14 1 1.27147e+14 0
8 22.5 30.3958 25 37.5 30.4367 25.5 1 1 1 0 0
8 22.5 30.3958 25.5 37.5 30.4367 26 1 1 1 0 0
8 22.5 30.3958 26 37.5 30.4367 26.5 1 -5.88197e+14 1 1.27147e+14 0
8 22.5 30.3958 26.5 37.5 30.4367 27 1 1 1 0 0
8 22.5 30.3958 27 37.5 30.4367 27.5 1 1 1 0 0
8 22.5 30.3958 27.5 37.5 30.4367 28 1 -5.88197e+14 1 1.27147e+14 0
8 22.5 30.3958 28 37.5 30.4367 28.5 1 1 1 0 0
8 22.5 30.3958 28.5 37.5 30.4367 29 1 1 1 0 0
8 22.5 30.3958 29 37.5 30.4367 29.5 1 -5.88197e+14 1 1.27147e+14 0
8 22.5 30.3958 29.5 37.5 30.4367 30 1 1 1 0 0
8 22.5 30.3958 30 37.5 30.4367 30.5 1 1 1 0 0
8 22.5 30.3958 30.5 37.5 30.4367 31 1 -5.88197e+14 1 1.27147e+14 0
8 22.5 30.3958 31 37.5 30.4367 31.5 1 1 1 0 0
8 22.5 30.3958 31.5 37.5 30.4367 32 1 1 1 0 0
8 22.5 30.3958 32 37.5 30.4367 32.5 1 -5.88197e+14 1 1.27147e+14 0
8 22.5 30.3958 32.5 37.5 30.4367 33 1 1 1 0 0
8 22.5 30.3958 33 37.5 30.4367 33.5 1 1 1 0 0
8 22.5 30.3958 33.5 37.5 30.4367 34 1 -5.88197e+14 1 1.27147e+14 0
8 22.5 30.3958 34 37.5 30.4367 34.5 1 1 1 0 0
8 22.5 30.3958 34.5 37.5 30.4367 35 1 1 1 0 0
8 22.5 30.3958 35 37.5 30.4367 35.5 1 -5.88197e+14 1 1.27147e+14 0
8 22.5 30.3958 35.5 37.5 30.4367 36 1 1 1 0 0
8 22.5 30.3958 36 37.5 30.4367 36.5 1 1 1 0 0
8 22.5 30.3958 36.5 37.5 30.4367 37 1 -5.88197e+14 1 1.27147e+14 0
8 22.5 30.3958 37 37.5 30.4367 37.5 1 1 1 0 0
8 22.5 30.4367 22.5 37.5 30.4775 23 1 -5.88197e+14 1 1.27147e+14 0
8 22.5 30.4367 23 37.5 30.4775 23.5 1 1 1 0 0
8 22.5 30.4367 23.5 37.5 30.4775 24 1 1 1 0 0
8 22.5 30.4367 24 37.5 30.4775 24.5 1 -5.88197e+14 1 1.27147e+14 0
8 22.5 30.4367 24.5 37.5 30.4775 25 1 1 1 0 0
8 22.5 30.4367 25 37.5 30.4775 25.5 1 1 1 0 0
8 22.5 30.4367 25.5 37.5 30.4775 26 1 -5.88197e+14 1 1.27147e+14 0
8 22.5 30.4367 26 37.5 30.4775 26.5 1 1 1 0 0
8 22.5 30.4367 26.5 37.5 30.4775 27 1 1 1 0 0
8 22.5 30.4367 27 37.5 30.4775 27.5 1 -5.88197e+14 1 1.27147e+14 0
8 22.5 30.4367 27.5 37.5 30.4775 28 1 1 1 0 0
8 22.5 30.4367 28 37.5 30.4775 28.5 1 1 1 0 0
8 22.5 30.4367 28.5 37.5 30.4775 29 1 -5.88197e+14 1 1.27147e+14 0
8 22.5 30.4367 29 37.5 30.4775 29.5 1 1 1 0 0
8 22.5 30.4367 29.5 37.5 30.4775 30 1 1 1 0 0
8 22.5 30.4367 30 37.5 30.4775 30.5 1 -5.88197e+14 1 1.27147e+14 0
8 22.5 30.4367 30.5 37.5 30.4775 31 1 1 1 0 0
8 22.5 30.4367 31 37.5 30.4775 31.5 1 1 1 0 0
8 22.5 30.4367 31.5 37.5 30.4775 32 1 -5.88197e+14 1 1.27147e+14 0
8 22.5 30.4367 32 37.5 30.4775 32.5 1 1 1 0 0
8 22.5 30.4367 32.5 37.5 30.4775 33 1 1 1 0 0
8 22.5 30.4367 33 37.5 30.4775 33.5 1 -5.88197e+14 1 1.27147e+14 0
8 22.5 30.4367 33.5 37.5 30.4775 34 1 1 1 0 0
8 22.5 30.4367 34 37.5 30.4775 34.5 1 1 1 0 0
8 22.5 30.4367 34.5 37.5 30.4775 35 1 -5.88197e+14 1 1.27147e+14 0
8 22.5 30.4367 35 37.5 30.4775 35.5 1 1 1 0 0
8 22.5 30.4367 35.5 37.5 30.4775 36 1 1 1 0 0
8 22.5 30.4367 36 37.5 30.4775 36.5 1 -5.88197e+14 1 1.27147e+14 0
8 22.5 30.4367 36.5 37.5 30.4775 37 1 1 1 0 0
8 22.5 30.4367 37 37.5 30.4775 37.5 1 1 1 0 0
8 22.5 30.4775 22.5 37.5 30.5183 23 1 1 1 0 0
8 22.5 30.4775 23 37.5 30.5183 23.5 1 1 1 0 0
8 22.5 30.4775 23.5 37.5 30.5183 24 1 -5.88197e+14 1 1.27147e+14 0
8 22.5 30.4775 24 37.5 30.5183 24.5 1 1 1 0 0
8 22.5 30.4775 24.5 37.5 30.5183 25 1 1 1 0 0
8 22.5 30.4775 25 37.5 30.5183 25.5 1 -5.88197e+14 1 1.27147e+14 0
8 22.5 30.4775 25.5 37.5 30.5183 26 1 1 1 0 0
8 22.5 30.4775 26 37.5 30.5183 26.5 1 1 1 0 0
8 22.5 30.4775 26.5 37.5 30.5183 27 1 -5.88197e+14 1 1.27147e+14 0
8 22.5 30.4775 27 37.5 30.5183 27.5 1 1 1 0 0
8 22.5 30.4775 27.5 37.5 30.5183 28 1 1 1 0 0
8 22.5 30.4775 28 37.5 30.5183 28.5 1 -5.88197e+14 1 1.27147e+14 0
8 22.5 30.4775 28.5 37.5 30.5183 29 1 1 1 0 0
8 22.5 30.4775 29 37.5 30.5183 29.5 1 1 1 0 0
8 22.5 30.4775 29.5 37.5 30.5183 30 1 -5.88197e+14 1 1.27147e+14 0
8 22.5 30.4775 30 37.5 30.5183 30.5 1 1 1 0 0
8 22.5 30.4775 30.5 37.5 30.5183 31 1 1 1 0 0
8 22.5 30.4775 31 37.5 30.5183 31.5 1 -5.88197e+14 1 1.27147e+14 0
8 22.5 30.4775 31.5 37.5 30.5183 32 1 1 1 0 0
8 22.5 30.4775 32 37.5 30.5183 32.5 1 1 1 0 0
8 22.5 30.4775 32.5 37.5 30.5183 33 1 -5.88197e+14 1 1.27147e+14 0
8 22.5 30.4775 33 37.5 30.5183 33.5 1 1 1 0 0
8 22.5 30.4775 33.5 37.5 30.5183 34 1 1 1 0 0
8 22.5 30.4775 34 37.5 30.5183 34.5 1 -5.88197e+14 1 1.27147e+14 0
8 22.5 30.4775 34.5 37.5 30.5183 35 1 1 1 0 0
8 22.5 30.4775 35 37.5 30.5183 35.5 1 1 1 0 0
8 22.5 30.4775 35.5 37.5 30.5183 36 1 -5.88197e+14 1 1.27147e+14 0
8 22.5 30.4775 36 37.5 30.5183 36.5 1 1 1 0 0
8 22.5 30.4775 36.5 37.5 30.5183 37 1 1 1 0 0
8 22.5 30.4775 37 37.5 30.5183 37.5 1 -5.88197e+14 1 1.27147e+14 0
8 22.5 30.5183 22.5 37.5 30.5592 23 1 1 1 0 0
8 22.5 30.5183 23 37.5 30.5592 23.5 1 -5.88197e+14 1 1.27147e+14 0
8 22.5 30.5183 23.5 37.5 30.5592 24 1 1 1 0 0
8 22.5 30.5183 24 37.5 30.5592 24.5 1 1 1 0 0
8 22.5 30.5183 24.5 37.5 30.5592 25 1 -5.88197e+14 1 1.27147e+14 0
8 22.5 30.5183 25 37.5 30.5592 25.5 1 1 1 0 0
8 22.5 30.5183 25.5 37.5 30.5592 26 1 1 1 0 0
8 22.5 30.5183 26 37.5 30.5592 26.5 1 -5.88197e+14 1 1.27147e+14 0
8 22.5 30.5183 26.5 37.5 30.5592 27 1 1 1 0 0
8 22.5 30.5183 27 37.5 30.5592 27.5 1 1 1 0 0
8 22.5 30.5183 27.5 37.5 30.5592 28 1 -5.88197e+14 1 1.27147e+14 0
8 22.5 30.5183 28 37.5 30.5592 28.5 1 1 1 0 0
8 22.5 30.5183 28.5 37.5 30.5592 29 1 1 1 0 0
8 22.5 30.5183 29 37.5 30.5592 29.5 1 -5.88197e+14 1 1.27147e+14 0
8 22.5 30.5183 29.5 37.5 30.5592 30 1 1 1 0 0
8 22.5 30.5183 30 37.5 30.5592 30.5 1 1 1 0 0
8 22.5 30.5183 30.5 37.5 30.5592 31 1 -5.88197e+14 1 1.27147e+14 0
8 22.5 30.5183 31 37.5 30.5592 31.5 1 1 1 0 0
8 22.5 30.5183 31.5 37.5 30.5592 32 1 1 1 0 0
8 22.5 30.5183 32 37.5 30.5592 32.5 1 -5.88197e+14 1 1.27147e+14 0
8 22.5 30.5183 32.5 37.5 30.5592 33 1 1 1 0 0
8 22.5 30.5183 33 37.5 30.5592 33.5 1 1 1 0 0
8 22.5 30.5183 33.5 37.5 30.5592 34 1 -5.88197e+14 1 1.27147e+14 0
8 22.5 30.5183 34 37.5 30.5592 34.5 1 1 1 0 0
8 22.5 30.5183 34.5 37.5 30.5592 35 1 1 1 0 0
8 22.5 30.5183 35 37.5 30.5592 35.5 1 -5.88197e+14 1 1.27147e+14 0
8 22.5 30.5183 35.5 37.5 30.5592 36 1 1 1 0 0
8 22.5 30.5183 36 37.5 30.5592 36.5 1 1 1 0 0
8 22.5 30.5183 36.5 37.5 30.5592 37 1 -5.88197e+14 1 1.27147e+14 0
8 22.5 30.5183 37 37.5 30.5592 37.5 1 1 1 0 0
8 22.5 30.5592 22.5 37.5 30.6 23 1 -5.88197e+14 1 1.27147e+14 0
8 22.5 30.5592 23 37.5 30.6 23.5 1 1 1 0 0
8 22.5 30.5592 23.5 37.5 30.6 24 1 1 1 0 0
8 22.5 30.5592 24 37.5 30.6 24.5 1 -5.88197e+14 1 1.27147e+14 0
8 22.5 30.5592 24.5 37.5 30.6 25 1 1 1 0 0
8 22.5 30.5592 25 37.5 30.6 25.5 1 1 1 0 0
8 22.5 30.5592 25.5 37.5 30.6 26 1 -5.88197e+14 1 1.27147e+14 0
8 22.5 30.5592 26 37.5 30.6 26.5 1 1 1 0 0
8 22.5 30.5592 26.5 37.5 30.6 27 1 1 1 0 0
8 22.5 30.5592 27 37.5 30.6 27.5 1 -5.88197e+14 1 1.27147e+14 0
8 22.5 30.5592 27.5 37.5 30.6 28 1 1 1 0 0
8 22.5 30.5592 28 37.5 30.6 28.5 1 1 1 0 0
8 22.5 30.5592 28.5 37.5 30.6 29 1 -5.88197e+14 1 1.27147e+14 0
8 22.5 30.5592 29 37.5 30.6 29.5 1 1 1 0 0
8 22.5 30.5592 29.5 37.5 30.6 30 1 1 1 0 0
8 22.5 30.5592 30 37.5 30.6 30.5 1 -5.88197e+14 1 1.27147e+14 0
8 22.5 30.5592 30.5 37.5 30.6 31 1 1 1 0 0
8 22.5 30.5592 31 37.5 30.6 31.5 1 1 1 0 0
8 22.5 30.5592 31.5 37.5 30.6 32 1 -5.88197e+14 1 1.27147e+14 0
8 22.5 30.5592 32 37.5 30.6 32.5 1 1 1 0 0
8 22.5 30.5592 32.5 37.5 30.6 33 1 1 1 0 0
8 22.5 30.5592 33 37.5 30.6 33.5 1 -5.88197e+14 1 1.27147e+14 0
8 22.5 30.5592 33.5 37.5 30.6 34 1 1 1 0 0
8 22.5 30.5592 34 37.5 30.6 34.5 1 1 1 0 0
8 22.5 30.5592 34.5 37.5 30.6 35 1 -5.88197e+14 1 1.27147e+14 0
8 22.5 30.5592 35 37.5 30.6 35.5 1 1 1 0 0
8 22.5 30.5592 35.5 37.5 30.6 36 1 1 1 0 0
8 22.5 30.5592 36 37.5 30.6 36.5 1 -5.88197e+14 1 1.27147e+14 0
8 22.5 30.5592 36.5 37.5 30.6 37 1 1 1 0 0
8 22.5 30.5592 37 37.5 30.6 37.5 1 1 1 0 0
8 29.95 29.4 37.5 30.55 31.1 52.5 1 1 1 0 0
8 29.95 29.4 7.5 30.55 31.1 22.5 1 1 1 0 0
