1200
0 0
1 1.47228e-06
2 5.55699e-06
3 1.09464e-05
4 1.55062e-05
5 1.68205e-05
6 1.29059e-05
7 2.92181e-06
8 -1.2317e-05
9 -3.01949e-05
10 -4.66163e-05
11 -5.67861e-05
12 -5.63271e-05
13 -4.25065e-05
14 -1.52821e-05
15 2.21219e-05
16 6.33328e-05
17 9.97287e-05
18 0.000122039
19 0.000122384
20 9.63472e-05
21 4.46078e-05
22 -2.63112e-05
23 -0.000104496
24 -0.000174375
25 -0.000219553
26 -0.000226262
27 -0.000186785
28 -0.000102069
29 1.71511e-05
30 0.000151173
31 0.000274207
32 0.000358977
33 0.000382278
34 0.000330462
35 0.000203639
36 1.75465e-05
37 -0.000197617
38 -0.000401562
39 -0.000550961
40 -0.000608048
41 -0.000549162
42 -0.000371443
43 -9.60416e-05
44 0.000233243
45 0.000556174
46 0.000806442
47 0.000924511
48 0.000870624
49 0.000635256
50 0.000244615
51 -0.000240558
52 -0.000733365
53 -0.00113544
54 -0.00135561
55 -0.0013292
56 -0.00103408
57 -0.000499836
58 0.000192586
59 0.000921615
60 0.00154524
61 0.00192743
62 0.00196622
63 0.00161772
64 0.000911105
65 -4.97559e-05
66 -0.00109942
67 -0.00203779
68 -0.0026667
69 -0.00282982
70 -0.00244812
71 -0.00154336
72 -0.000243734
73 0.00123136
74 0.0026062
75 0.0035983
76 0.00397414
77 0.00360035
78 0.00247982
79 0.000763986
80 -0.00126334
81 -0.00323009
82 -0.00474169
83 -0.0054574
84 -0.00516292
85 -0.00382446
86 -0.00161179
87 0.00111705
88 0.0038699
89 0.00610599
90 0.00733877
91 0.00723703
92 0.00570403
93 0.00291709
94 -0.000683713
95 -0.00445984
96 -0.00768347
97 -0.0096736
98 -0.00993447
99 -0.0082691
100 -0.00484316
101 -0.000180857
102 0.00480369
103 0.00916641
104 0.0120256
105 0.0127368
106 0.0110318
107 0.0070936
108 0.00154831
109 -0.00462932
110 -0.0102837
111 -0.0142913
112 -0.0157799
113 -0.0143126
114 -0.00999768
115 -0.00350054
116 0.00405276
117 0.011266
118 0.0167274
119 0.019281
120 0.018266
121 0.0136723
122 0.00618048
123 -0.00293052
124 -0.011996
125 -0.0192652
126 -0.0232351
127 -0.0229543
128 -0.018238
129 -0.00974684
130 0.00109345
131 0.0123248
132 0.021805
133 0.0276116
134 0.0284243
135 0.0238134
136 0.0143711
137 0.00165304
138 -0.0120698
139 -0.0242102
140 -0.0323468
141 -0.0346999
142 -0.0305089
143 -0.0202329
144 -0.00552714
145 0.011013
146 0.026303
147 0.0373376
148 0.0417742
149 0.0384183
150 0.0275133
151 0.0107671
152 -0.00890087
153 -0.0278607
154 -0.042434
155 -0.0495999
156 -0.0476097
157 -0.0363868
158 -0.0176256
159 0.00544616
160 0.0286129
161 0.0474326
162 0.0580804
163 0.0581139
164 0.0470107
165 0.0263617
166 -0.000332339
167 -0.0282416
168 -0.0520721
169 -0.0670602
170 -0.0699136
171 -0.0595131
172 -0.03723
173 -0.0067797
174 0.0263828
175 0.0560288
176 0.0763168
177 0.0829308
178 0.0739793
179 0.0504687
180 0.0162418
181 -0.0226311
182 -0.0589166
183 -0.0855536
184 -0.0970152
185 -0.0904369
186 -0.0662833
187 -0.0284056
188 0.0165488
189 0.0602882
190 0.094395
191 0.111933
192 0.10884
193 0.0848304
194 0.0436067
195 -0.00767666
196 -0.0596408
197 -0.102384
198 -0.127358
199 -0.129056
200 -0.106199
201 -0.0621463
202 -0.00444965
203 0.0564263
204 0.108987
205 0.142865
206 0.15085
207 0.13039
208 0.0842694
209 0.0202807
210 -0.0500649
211 -0.113595
212 -0.157928
213 -0.173872
214 -0.157302
215 -0.110143
216 -0.0402306
217 0.0399638
218 0.115538
219 0.171919
220 0.197652
221 0.186708
222 0.139833
223 0.0646514
224 -0.0255408
225 -0.114105
226 -0.184119
227 -0.221594
228 -0.218246
229 -0.173281
230 -0.0938062
231 0.00625069
232 0.108559
233 0.193731
234 0.244978
235 0.251406
236 0.210283
237 0.127841
238 0.0183841
239 -0.0981694
240 -0.199894
241 -0.26697
242 -0.285526
243 -0.250474
244 -0.166759
245 -0.0487416
246 0.0822416
247 0.201716
248 0.286632
249 0.319794
250 0.293312
251 0.210393
252 0.0850672
253 -0.0601539
254 -0.198303
255 -0.302952
256 -0.353255
257 -0.338076
258 -0.258387
259 -0.127442
260 0.0313936
261 0.188793
262 0.314867
263 0.384834
264 0.383866
265 0.310183
266 0.175756
267 0.0044039
268 -0.172401
269 -0.321305
270 -0.413355
271 -0.429613
272 -0.365011
273 -0.229679
274 -0.0474193
275 0.14846
276 0.321222
277 0.43758
278 0.474099
279 0.42189
280 0.288651
281 0.0976163
282 -0.116468
283 -0.313655
284 -0.456247
285 -0.515988
286 -0.479646
287 -0.351868
288 -0.154715
289 0.0761217
290 0.297766
291 0.468123
292 0.553863
293 0.536928
294 0.41829
295 0.218171
296 -0.0273619
297 -0.272893
298 -0.472053
299 -0.586273
300 -0.592246
301 -0.486648
302 -0.287172
303 -0.0296017
304 0.238595
305 0.467014
306 0.611789
307 0.644011
308 0.555477
309 0.360634
310 0.0942682
311 -0.194694
312 -0.452173
313 -0.629061
314 -0.690589
315 -0.623146
316 -0.437222
317 -0.165836
318 0.141309
319 0.426935
320 0.636879
321 0.730362
322 0.687912
323 0.515374
324 0.243208
325 -0.0788731
326 -0.390988
327 -0.634229
328 -0.76179
329 -0.747975
330 -0.593347
331 -0.325005
332 0.00815094
333 0.344337
334 0.620353
335 0.783477
336 0.80154
337 0.669265
338 0.409603
339 0.069772
340 -0.287333
341 -0.594795
342 -0.794233
343 -0.846894
344 -0.741186
345 -0.495172
346 -0.153506
347 0.220676
348 0.557439
349 0.793139
350 0.882468
351 0.807167
352 0.579736
353 0.241391
354 -0.145414
355 -0.508529
356 -0.779591
357 -0.906909
358 -0.86534
359 -0.661241
360 -0.331546
361 0.0629202
362 0.448687
363 0.753341
364 0.919142
365 0.913987
366 0.737623
367 0.421929
368 0.0251416
369 -0.3789
370 -0.714524
371 -0.918421
372 -0.951608
373 -0.806894
374 -0.510405
375 -0.116871
376 0.300501
377 0.663667
378 0.904369
379 0.976989
380 0.867209
381 0.594827
382 0.210193
383 -0.215125
384 -0.601677
385 -0.877006
386 -0.989253
387 -0.916946
388 -0.673113
389 -0.30293
390 0.124662
391 0.529823
392 0.836752
393 0.987898
394 0.954771
395 0.743324
396 0.392881
397 -0.0311884
398 -0.44969
399 -0.784425
400 -0.972827
401 -0.979687
402 -0.803741
403 -0.477906
404 -0.0631097
405 0.363127
406 0.721208
407 0.944352
408 0.991078
409 0.852928
410 0.556001
411 0.156013
412 -0.272178
413 -0.648611
414 -0.903183
415 -0.988732
416 -0.889787
417 -0.625376
418 -0.245355
419 0.179005
420 0.568414
421 0.850404
422 0.972845
423 0.913596
424 0.684517
425 0.329097
426 -0.0858134
427 -0.482599
428 -0.787427
429 -0.944013
430 -0.92403
431 -0.732239
432 -0.405403
433 -0.00523624
434 0.393272
435 0.715935
436 0.903201
437 0.921169
438 0.767724
439 0.472705
440 0.0921018
441 -0.302589
442 -0.637816
443 -0.851701
444 -0.905482
445 -0.790541
446 -0.529751
447 -0.172932
448 0.212671
449 0.555089
450 0.791073
451 0.877801
452 0.80065
453 0.575638
454 0.246129
455 -0.125532
456 -0.469825
457 -0.723083
458 -0.839277
459 -0.798388
460 -0.609837
461 -0.310391
462 0.0430064
463 0.384071
464 0.649628
465 0.791325
466 0.784443
467 0.632193
468 0.364753
469 0.0333026
470 -0.299779
471 -0.572662
472 -0.735559
473 -0.759809
474 -0.642908
475 -0.408598
476 -0.102074
477 0.218736
478 0.494125
479 0.673727
480 0.725735
481 0.642518
482 0.441662
483 0.162296
484 -0.142518
485 -0.41587
486 -0.607635
487 -0.683664
488 -0.631853
489 -0.464019
490 -0.213285
491 0.0724395
492 0.339609
493 0.539083
494 0.635167
495 0.611983
496 0.476057
497 0.254682
498 -0.00953126
499 -0.266854
500 -0.469799
501 -0.58188
502 -0.584165
503 -0.478437
504 -0.286447
505 -0.0454764
506 0.198889
507 0.401383
508 0.525437
509 0.54978
510 0.472049
511 0.308826
512 0.0921536
513 -0.136736
514 -0.335263
515 -0.467417
516 -0.510276
517 -0.457957
518 -0.32232
519 -0.130359
520 0.0811453
521 0.27266
522 0.409286
523 0.467106
524 0.437349
525 0.327645
526 0.160215
527 -0.0325968
528 -0.214562
529 -0.352362
530 -0.421682
531 -0.411477
532 -0.325679
533 -0.182081
534 -0.00869051
535 0.161716
536 0.297781
537 0.375321
538 0.381609
539 0.317416
540 0.196507
541 0.0427367
542 -0.114629
543 -0.246477
544 -0.329214
545 -0.348978
546 -0.303918
547 -0.204198
548 -0.069773
549 0.0735752
550 0.199172
551 0.284397
552 0.314746
553 0.286265
554 0.205967
555 0.090207
556 -0.0386157
557 -0.156377
558 -0.241733
559 -0.279971
560 -0.26552
561 -0.202694
562 -0.104586
563 0.00962472
564 0.118403
565 0.201903
566 0.245578
567 0.242686
568 0.195284
569 0.113559
570 0.0136813
571 -0.0853716
572 -0.165408
573 -0.212349
574 -0.218684
575 -0.184631
576 -0.117837
577 -0.0317116
578 0.0572425
579 0.132574
580 0.180913
581 0.194327
582 0.171588
583 0.118163
584 0.0449678
585 -0.0338362
586 -0.103568
587 -0.151747
588 -0.170312
589 -0.156942
590 -0.115274
591 -0.0540122
592 0.0148618
593 0.0784151
594 0.12518
595 0.147207
596 0.141397
597 0.109882
598 0.0594374
599 5.43476e-05
600 -0.0570217
601 -0.101407
602 -0.125456
603 -0.125559
604 -0.102647
605 -0.0618406
606 -0.0113419
607 0.0391966
608 0.0805044
609 0.105381
610 0.109935
611 0.0941657
612 0.061801
613 0.0194617
614 -0.0246757
615 -0.0624455
616 -0.0871921
617 -0.094929
618 -0.0849588
619 -0.059862
620 -0.0248834
621 0.0131437
622 0.0471212
623 0.071
624 0.0808453
625 0.075467
626 0.0565181
627 0.0280671
628 -0.00425542
629 -0.0343587
630 -0.0568302
631 -0.0678978
632 -0.066049
633 -0.0522064
634 -0.0294482
635 -0.00234657
636 0.0239398
637 0.044638
638 0.0562185
639 0.0569852
640 0.0473013
641 0.0294269
642 0.00701623
643 -0.0156176
644 -0.0343243
645 -0.045869
646 -0.0484823
647 -0.0421138
648 -0.02836
649 -0.010092
650 0.00913167
651 0.0257502
652 0.036853
653 0.0406811
654 0.036893
655 0.0265573
656 0.0118874
657 -0.00422012
658 -0.0187504
659 -0.0291278
660 -0.0336656
661 -0.0318301
662 -0.0242799
663 -0.0126852
664 0.000629788
665 0.0131451
666 0.0226164
667 0.0274717
668 0.027064
669 0.0217416
670 0.0127332
671 0.00187631
672 -0.00874988
673 -0.0172181
674 -0.0220973
675 -0.0226879
676 -0.0191113
677 -0.0122432
678 -0.00351376
679 0.00538392
680 0.0128176
681 0.0175107
682 0.0187567
683 0.016517
684 0.0113914
685 0.00447356
686 -0.00287586
687 -0.00929286
688 -0.0136593
689 -0.0152938
690 -0.0140513
691 -0.0103201
692 -0.00492075
693 0.00106822
694 0.00652185
695 0.0104768
696 0.012298
697 0.011776
698 0.00914079
699 0.00499446
700 0.000179894
701 -0.00438703
702 -0.00788887
703 -0.00975011
704 -0.00972802
705 -0.00793749
706 -0.00480901
707 -0.000991502
708 0.002779
709 0.00581882
710 0.00761825
711 0.00792414
712 0.00677067
713 0.00445591
714 0.00147147
715 -0.00159883
716 -0.00419101
717 -0.00586262
718 -0.00636591
719 -0.00568118
720 -0.00400627
721 -0.00170714
722 0.000759234
723 0.00293383
724 0.00443933
725 0.00504383
726 0.00469398
727 0.00351352
728 0.00176958
729 -0.000185045
730 -0.00198159
731 -0.00330351
732 -0.00394085
733 -0.00382163
734 -0.00301619
735 -0.00171517
736 -0.000187069
737 0.00127568
738 0.00241151
739 0.00303538
740 0.00306741
741 0.00254063
742 0.00158749
743 0.000409293
744 -0.000765061
745 -0.00172252
746 -0.00230361
747 -0.00242793
748 -0.00210345
749 -0.00141922
750 -0.000523691
751 0.000406282
752 0.00119952
753 0.0017213
754 0.00189536
755 0.00171384
756 0.001234
757 0.000563399
758 -0.000163133
759 -0.00080989
760 -0.00126502
761 -0.00145923
762 -0.00137543
763 -0.00104818
764 -0.000553894
765 6.06757e-06
766 0.000525509
767 0.000913064
768 0.00110776
769 0.00108793
770 0.000872425
771 0.000514246
772 8.85286e-05
773 -0.0003227
774 -0.00064592
775 -0.000828861
776 -0.000848478
777 -0.000713023
778 -0.000458294
779 -0.00013913
780 0.000181926
781 0.000446549
782 0.000610916
783 0.000652602
784 0.000573085
785 0.000395716
786 0.000159871
787 -8.73857e-05
788 -0.000300412
789 -0.000443171
790 -0.000495052
791 -0.000453467
792 -0.000332964
793 -0.000161309
794 2.65522e-05
795 0.000195375
796 0.000316034
797 0.000370342
798 0.000353523
799 0.000274055
800 0.00015112
801 1.03099e-05
802 -0.000121513
803 -0.000221181
804 -0.00027314
805 -0.000271685
806 -0.000221228
807 -0.000134713
808 -3.06116e-05
809 7.08661e-05
810 0.000151565
811 0.000198518
812 0.00020589
813 0.000175472
814 0.000115758
815 3.98725e-05
816 -3.71727e-05
817 -0.000101351
818 -0.000142084
819 -0.000153883
820 -0.000136936
821 -9.66194e-05
822 -4.21074e-05
823 1.55977e-05
824 6.58048e-05
825 0.000100046
826 0.000113431
827 0.00010524
828 7.8718e-05
829 4.01589e-05
830 -2.48007e-06
831 -4.11576e-05
832 -6.9211e-05
833 -8.2449e-05
834 -7.97066e-05
835 -6.28059e-05
836 -3.59781e-05
837 -4.8975e-06
838 2.44658e-05
839 4.69513e-05
840 5.90748e-05
841 5.9518e-05
842 4.91852e-05
843 3.0853e-05
844 8.50906e-06
845 -1.34712e-05
846 -3.11498e-05
847 -4.17011e-05
848 -4.38285e-05
849 -3.78688e-05
850 -2.55914e-05
851 -9.75561e-06
852 6.47354e-06
853 2.01326e-05
854 2.89785e-05
855 3.18317e-05
856 2.86977e-05
857 2.06633e-05
858 9.60557e-06
859 -2.21579e-06
860 -1.26009e-05
861 -1.98019e-05
862 -2.27997e-05
863 -2.14238e-05
864 -1.63086e-05
865 -8.70784e-06
866 -2.12916e-07
867 7.56442e-06
868 1.32853e-05
869 1.61013e-05
870 1.57644e-05
871 1.26177e-05
872 7.48083e-06
873 1.45916e-06
874 -4.28181e-06
875 -8.7323e-06
876 -1.12067e-05
877 -1.14381e-05
878 -9.58851e-06
879 -6.18086e-06
880 -1.9715e-06
881 2.20754e-06
882 5.60581e-06
883 7.68248e-06
884 8.18479e-06
885 7.16726e-06
886 4.95354e-06
887 2.05317e-06
888 -9.47593e-07
889 -3.49876e-06
890 -5.18251e-06
891 -5.77636e-06
892 -5.2751e-06
893 -3.87151e-06
894 -1.90303e-06
895 2.22696e-07
896 2.10799e-06
897 3.43595e-06
898 4.02009e-06
899 3.8256e-06
900 2.96136e-06
901 1.64664e-06
902 1.61073e-07
903 -1.21156e-06
904 -2.23491e-06
905 -2.75817e-06
906 -2.7351e-06
907 -2.22238e-06
908 -1.35944e-06
909 -3.35411e-07
910 6.49815e-07
911 1.42266e-06
912 1.86463e-06
913 1.92834e-06
914 1.63916e-06
915 1.08355e-06
916 3.87531e-07
917 -3.09901e-07
918 -8.83117e-07
919 -1.24119e-06
920 -1.34087e-06
921 -1.18972e-06
922 -8.39715e-07
923 -3.73502e-07
924 1.13528e-07
925 5.317e-07
926 8.12652e-07
927 9.19535e-07
928 8.50514e-07
929 6.35605e-07
930 3.28084e-07
931 -7.4463e-09
932 -3.07833e-07
933 -5.22604e-07
934 -6.21788e-07
935 -5.99243e-07
936 -4.71359e-07
937 -2.71819e-07
938 -4.37832e-08
939 1.68853e-07
940 3.29437e-07
941 4.14426e-07
942 4.16285e-07
943 3.43209e-07
944 2.16031e-07
945 6.31794e-08
946 -8.523e-08
947 -2.02986e-07
948 -2.72101e-07
949 -2.85197e-07
950 -2.45739e-07
951 -1.66283e-07
952 -6.52734e-08
953 3.68935e-08
954 1.21742e-07
955 1.75844e-07
956 1.92705e-07
957 1.73212e-07
958 1.24693e-07
959 5.89241e-08
960 -1.04607e-08
961 -7.0617e-08
962 -1.11719e-07
963 -1.28409e-07
964 -1.20286e-07
965 -9.14514e-08
966 -4.92933e-08
967 -2.8054e-09
968 3.92019e-08
969 6.9667e-08
970 8.43604e-08
971 8.23411e-08
972 6.5773e-08
973 3.92009e-08
974 8.47625e-09
975 -2.0436e-08
976 -4.25431e-08
977 -5.46166e-08
978 -5.55818e-08
979 -4.64765e-08
980 -3.00346e-08
981 -1.0009e-08
982 9.61397e-09
983 2.53574e-08
984 3.48227e-08
985 3.70028e-08
986 3.23098e-08
987 2.23449e-08
988 9.47911e-09
989 -3.65811e-09
990 -1.46799e-08
991 -2.18442e-08
992 -2.42953e-08
993 -2.21193e-08
994 -1.62232e-08
995 -8.08077e-09
996 5.96018e-10
997 8.19101e-09
998 1.34637e-08
999 1.57301e-08
1000 1.49226e-08
1001 1.15332e-08
1002 6.46173e-09
1003 8.08104e-10
1004 -4.34795e-09
1005 -8.13854e-09
1006 -1.00395e-08
1007 -9.92539e-09
1008 -8.04679e-09
1009 -4.94222e-09
1010 -1.30862e-09
1011 2.14199e-09
1012 4.81212e-09
1013 6.31299e-09
1014 6.51032e-09
1015 5.5192e-09
1016 3.65462e-09
1017 1.35188e-09
1018 -9.25566e-10
1019 -2.77252e-09
1020 -3.90809e-09
1021 -4.21164e-09
1022 -3.72585e-09
1023 -2.62996e-09
1024 -1.19173e-09
1025 2.9107e-10
1026 1.54754e-09
1027 2.37918e-09
1028 2.68701e-09
1029 2.47765e-09
1030 1.84965e-09
1031 9.65003e-10
1032 1.25647e-11
1033 -8.29032e-10
1034 -1.42221e-09
1035 -1.69028e-09
1036 -1.62396e-09
1037 -1.27502e-09
1038 -7.39705e-10
1039 -1.36187e-10
1040 4.1929e-10
1041 8.33022e-10
1042 1.04796e-09
1043 1.04954e-09
1044 8.63204e-10
1045 5.44987e-10
1046 1.67807e-10
1047 -1.93671e-10
1048 -4.76636e-10
1049 -6.39964e-10
1050 -6.68961e-10
1051 -5.74794e-10
1052 -3.89335e-10
1053 -1.56929e-10
1054 7.50837e-11
1055 2.65225e-10
1056 3.84597e-10
1057 4.20527e-10
1058 3.76847e-10
1059 2.71178e-10
1060 1.30077e-10
1061 -1.68305e-11
1062 -1.42537e-10
1063 -2.27174e-10
1064 -2.60692e-10
1065 -2.43442e-10
1066 -1.84826e-10
1067 -1.00484e-10
1068 -8.71475e-12
1069 7.31353e-11
1070 1.31664e-10
1071 1.59321e-10
1072 1.55032e-10
1073 1.23577e-10
1074 7.39995e-11
1075 1.74505e-11
1076 -3.50755e-11
1077 -7.46916e-11
1078 -9.59449e-11
1079 -9.73598e-11
1080 -8.11996e-11
1081 -5.25866e-11
1082 -1.82216e-11
1083 1.5017e-11
1084 4.13288e-11
1085 5.68933e-11
1086 6.03015e-11
1087 5.25008e-11
1088 3.63231e-11
1089 1.57369e-11
1090 -5.01027e-12
1091 -2.21882e-11
1092 -3.31858e-11
1093 -3.68348e-11
1094 -3.34327e-11
1095 -2.45006e-11
1096 -1.2352e-11
1097 4.23887e-13
1098 1.14616e-11
1099 1.90144e-11
1100 2.21864e-11
1101 2.09822e-11
1102 1.61888e-11
1103 9.13274e-12
1104 1.37145e-12
1105 -5.61536e-12
1106 -1.06807e-11
1107 -1.31722e-11
1108 -1.29834e-11
1109 -1.05016e-11
1110 -6.47311e-12
1111 -1.82233e-12
1112 2.53729e-12
1113 5.86535e-12
1114 7.7041e-12
1115 7.92296e-12
1116 6.69843e-12
1117 4.44165e-12
1118 1.69357e-12
1119 -9.89185e-13
1120 -3.13607e-12
1121 -4.43531e-12
1122 -4.76851e-12
1123 -4.20589e-12
1124 -2.96842e-12
1125 -1.36803e-12
1126 2.60471e-13
1127 1.6224e-12
1128 2.51052e-12
1129 2.83032e-12
1130 2.60171e-12
1131 1.93992e-12
1132 1.02201e-12
1133 4.67534e-14
1134 -8.03855e-13
1135 -1.39491e-12
1136 -1.65629e-12
1137 -1.5864e-12
1138 -1.24308e-12
1139 -7.25098e-13
1140 -1.48935e-13
1141 3.74535e-13
1142 7.59089e-13
1143 9.552e-13
1144 9.53844e-13
1145 7.82534e-13
1146 4.95358e-13
1147 1.5963e-13
1148 -1.57979e-13
1149 -4.0328e-13
1150 -5.42528e-13
1151 -5.6562e-13
1152 -4.84615e-13
1153 -3.28494e-13
1154 -1.35616e-13
1155 5.44472e-14
1156 2.08163e-13
1157 3.03188e-13
1158 3.30797e-13
1159 2.95534e-13
1160 2.12539e-13
1161 1.03349e-13
1162 -8.85268e-15
1163 -1.03616e-13
1164 -1.66493e-13
1165 -1.90775e-13
1166 -1.77598e-13
1167 -1.34629e-13
1168 -7.3768e-14
1169 -8.42117e-15
1170 4.91113e-14
1171 8.9677e-14
1172 1.08459e-13
1173 1.05219e-13
1174 8.3686e-14
1175 5.03233e-14
1176 1.27804e-14
1177 -2.16437e-14
1178 -4.72551e-14
1179 -6.07529e-14
1180 -6.14745e-14
1181 -5.11345e-14
1182 -3.31758e-14
1183 -1.19041e-14
1184 8.40591e-15
1185 2.42702e-14
1186 3.3504e-14
1187 3.54234e-14
1188 3.07502e-14
1189 2.12782e-14
1190 9.39698e-15
1191 -2.42245e-15
1192 -1.20808e-14
1193 -1.81714e-14
1194 -2.01306e-14
1195 -1.8215e-14
1196 -1.33352e-14
1197 -6.7974e-15
1198 -1.1698e-17
1199 5.77509e-15
