0 0 0 0 0 0 0
1 0 0 0 0 0 0
2 0 0 0 0 0 0
3 0 0 0 0 0 0
4 0 0 0 0 0 0
5 0 0 0 0 0 0
6 0 0 0 0 0 0
7 0 0 0 0 0 0
8 0 0 0 0 0 0
9 0 0 0 0 0 0
10 0 0 0 0 0 0
11 0 0 0 0 0 0
12 0 0 0 0 0 0
13 0 0 0 0 0 0
14 0 0 0 0 0 0
15 0 0 0 0 0 0
16 0 0 0 0 0 0
17 0 0 0 0 0 0
18 0 0 0 0 0 0
19 0 0 0 0 0 0
20 0 0 0 0 0 0
21 0 0 0 0 0 0
22 0 0 0 0 0 0
23 0 0 0 0 0 0
24 0 0 0 0 0 0
25 0 0 0 0 0 0
26 0 0 0 0 0 0
27 0 0 0 0 0 0
28 0 0 0 0 0 0
29 0 0 0 0 0 0
30 0 0 0 0 0 0
31 0 0 0 0 0 0
32 0 0 0 0 0 0
33 0 0 0 0 0 0
34 0 0 0 0 0 0
35 0 0 0 0 0 0
36 0 0 0 0 0 0
37 0 0 0 0 0 0
38 0 0 0 0 0 0
39 0 0 0 0 0 0
40 0 0 0 0 0 0
41 0 0 0 0 0 0
42 0 0 0 0 0 0
43 0 0 0 0 0 0
44 0 0 0 0 0 0
45 0 0 0 0 0 0
46 0 0 0 0 0 0
47 0 0 0 0 0 0
48 0 0 0 0 0 0
49 0 0 0 0 0 0
50 0 0 0 0 0 0
51 0 0 0 0 0 0
52 0 0 0 0 0 0
53 0 0 0 0 0 0
54 0 0 0 0 0 0
55 0 0 0 0 0 0
56 0 0 0 0 0 0
57 0 0 0 0 0 0
58 0 0 0 0 0 0
59 0 0 0 0 0 0
60 0 0 0 0 0 0
61 0 0 0 0 0 0
62 0 0 0 0 0 0
63 0 0 0 0 0 0
64 0 0 0 0 0 0
65 0 0 0 0 0 0
66 0 0 0 0 0 0
67 0 0 0 0 0 0
68 0 0 0 0 0 0
69 0 0 0 0 0 0
70 0 0 0 0 0 0
71 0 0 0 0 0 0
72 0 0 0 0 0 0
73 0 0 0 0 0 0
74 0 0 0 0 0 0
75 0 0 0 0 0 0
76 0 0 0 0 0 0
77 0 0 0 0 0 0
78 0 0 0 0 0 0
79 0 0 0 0 0 0
80 0 0 0 0 0 0
81 0 0 0 0 0 0
82 0 0 0 0 0 0
83 0 0 0 0 0 0
84 0 0 0 0 0 0
85 0 0 0 0 0 0
86 0 0 0 0 0 0
87 0 0 0 0 0 0
88 0 0 0 0 0 0
89 0 0 0 0 0 0
90 0 0 0 0 0 0
91 0 0 0 0 0 0
92 0 0 0 0 0 0
93 0 0 0 0 0 0
94 0 0 0 0 0 0
95 0 0 0 0 0 0
96 0 0 0 0 0 0
97 0 0 0 0 0 0
98 0 0 0 0 0 0
99 0 0 0 0 0 0
100 0 0 0 0 0 0
101 0 0 0 0 0 0
102 0 0 0 0 0 0
103 0 0 0 0 0 0
104 0 0 0 0 0 0
105 0 0 0 0 0 0
106 0 0 0 0 0 0
107 0 0 0 0 0 0
108 0 0 0 0 0 0
109 0 0 0 0 0 0
110 -6.33589e-75 2.3273e-80 0 0 0 0
111 -1.04483e-72 3.83787e-78 0 -3.56666e-83 -9.70993e-78 0
112 -8.62869e-71 3.16949e-76 0 -5.91435e-81 -1.61013e-75 0
113 -4.75813e-69 1.74776e-74 0 -4.91155e-79 -1.33713e-73 0
114 -1.97089e-67 7.23948e-73 0 -2.72348e-77 -7.41445e-72 0
115 -6.54096e-66 2.40263e-71 0 -1.1344e-75 -3.08832e-70 -1.62421e-77
116 -1.81174e-64 6.65488e-70 0 -3.7859e-74 -1.03068e-68 -2.73277e-75
117 -4.30771e-63 1.58231e-68 0 -1.0545e-72 -2.8708e-67 -2.30308e-73
118 -8.97517e-62 3.29676e-67 0 -2.52133e-71 -6.86411e-66 -1.2962e-71
119 -1.66461e-60 6.11447e-66 0 -5.28274e-70 -1.43818e-64 -5.4805e-70
120 -2.78256e-59 1.02209e-64 0 -9.85299e-69 -2.6824e-63 -1.85675e-68
121 -4.23441e-58 1.55539e-63 0 -1.65631e-67 -4.50917e-62 -5.25018e-67
122 -5.91498e-57 2.17269e-62 0 -2.53476e-66 -6.90068e-61 -1.27434e-65
123 -7.63735e-56 2.80536e-61 0 -3.56081e-65 -9.69401e-60 -2.7103e-64
124 -9.16918e-55 3.36803e-60 0 -4.62375e-64 -1.25878e-58 -5.1307e-63
125 -1.0288e-53 3.77898e-59 0 -5.58269e-63 -1.51984e-57 -8.75244e-62
126 -1.08359e-52 3.98026e-58 0 -6.29955e-62 -1.715e-56 -1.35897e-60
127 -1.07555e-51 3.95072e-57 0 -6.67294e-61 -1.81665e-55 -1.9364e-59
128 -1.00954e-50 3.70823e-56 0 -6.66131e-60 -1.81349e-54 -2.54964e-58
129 -8.98819e-50 3.30155e-55 0 -6.28829e-59 -1.71194e-53 -3.12041e-57
130 -7.61167e-49 2.79592e-54 0 -5.63083e-58 -1.53295e-52 -3.56768e-56
131 -6.14643e-48 2.25771e-53 0 -4.79594e-57 -1.30566e-51 -3.82743e-55
132 -4.7433e-47 1.74231e-52 0 -3.89509e-56 -1.06041e-50 -3.86767e-54
133 -3.50544e-46 1.28762e-51 0 -3.02331e-55 -8.2307e-50 -3.69394e-53
134 -2.48556e-45 9.12995e-51 0 -2.24728e-54 -6.11804e-49 -3.3446e-52
135 -1.69383e-44 6.22179e-50 0 -1.60272e-53 -4.36328e-48 -2.87868e-51
136 -1.11115e-43 4.08148e-49 0 -1.09858e-52 -2.99079e-47 -2.36101e-50
137 -7.0269e-43 2.58112e-48 0 -7.24881e-52 -1.97343e-46 -1.84935e-49
138 -4.28978e-42 1.57572e-47 0 -4.61104e-51 -1.25532e-45 -1.38623e-48
139 -2.53124e-41 9.29777e-47 0 -2.83151e-50 -7.70856e-45 -9.96192e-48
140 -1.44534e-40 5.30902e-46 0 -1.68063e-49 -4.57538e-44 -6.87505e-47
141 -7.99501e-40 2.93673e-45 0 -9.6532e-49 -2.628e-43 -4.56361e-46
142 -4.28873e-39 1.57534e-44 0 -5.37145e-48 -1.46233e-42 -2.91785e-45
143 -2.23314e-38 8.20278e-44 0 -2.89854e-47 -7.89105e-42 -1.79936e-44
144 -1.12973e-37 4.14973e-43 0 -1.51829e-46 -4.13342e-41 -1.07153e-43
145 -5.55744e-37 2.04136e-42 0 -7.72696e-46 -2.1036e-40 -6.1692e-43
146 -2.66052e-36 9.77263e-42 0 -3.82396e-45 -1.04104e-39 -3.43756e-42
147 -1.24045e-35 4.55641e-41 0 -1.84169e-44 -5.01385e-39 -1.8557e-41
148 -5.63666e-35 2.07046e-40 0 -8.63873e-44 -2.35182e-38 -9.71423e-41
149 -2.49801e-34 9.17572e-40 0 -3.94935e-43 -1.07518e-37 -4.93556e-40
150 -1.08038e-33 3.96846e-39 0 -1.76091e-42 -4.79394e-37 -2.43586e-39
151 -4.56285e-33 1.67603e-38 0 -7.66249e-42 -2.08605e-36 -1.16869e-38
152 -1.88289e-32 6.91624e-38 0 -3.25603e-41 -8.86426e-36 -5.45503e-38
153 -7.59601e-32 2.79017e-37 0 -1.3519e-40 -3.68044e-35 -2.47886e-37
154 -2.99743e-31 1.10102e-36 0 -5.48763e-40 -1.49396e-34 -1.09736e-36
155 -1.15754e-30 4.25187e-36 0 -2.1789e-39 -5.93187e-34 -4.73554e-36
156 -4.37677e-30 1.60768e-35 0 -8.46684e-39 -2.30503e-33 -1.99328e-35
157 -1.62109e-29 5.95459e-35 0 -3.22144e-38 -8.77009e-33 -8.18832e-35
158 -5.88418e-29 2.16138e-34 0 -1.20066e-37 -3.26871e-32 -3.28462e-34
159 -2.094e-28 7.69168e-34 0 -4.38562e-37 -1.19395e-31 -1.28726e-33
160 -7.30893e-28 2.68472e-33 0 -1.57059e-36 -4.27579e-31 -4.93121e-33
161 -2.50316e-27 9.19462e-33 0 -5.51685e-36 -1.50192e-30 -1.84736e-32
162 -8.41478e-27 3.09092e-32 0 -1.90146e-35 -5.17657e-30 -6.77113e-32
163 -2.77762e-26 1.02028e-31 0 -6.43302e-35 -1.75134e-29 -2.42923e-31
164 -9.00593e-26 3.30806e-31 0 -2.13712e-34 -5.81814e-29 -8.53412e-31
165 -2.86916e-25 1.0539e-30 0 -6.97397e-34 -1.89861e-28 -2.937e-30
166 -8.9844e-25 3.30015e-30 0 -2.23621e-33 -6.0879e-28 -9.90547e-30
167 -2.76609e-24 1.01604e-29 0 -7.04797e-33 -1.91875e-27 -3.27516e-29
168 -8.37553e-24 3.07651e-29 0 -2.18409e-32 -5.94599e-27 -1.06202e-28
169 -2.4949e-23 9.16428e-29 0 -6.65666e-32 -1.81222e-26 -3.37853e-28
170 -7.31318e-23 2.68628e-28 0 -1.99594e-31 -5.43379e-26 -1.05478e-27
171 -2.11002e-22 7.75053e-28 0 -5.88931e-31 -1.60332e-25 -3.23281e-27
172 -5.99382e-22 2.20165e-27 0 -1.71048e-30 -4.65665e-25 -9.73005e-27
173 -1.67673e-21 6.15899e-27 0 -4.89127e-30 -1.33161e-24 -2.87674e-26
174 -4.6203e-21 1.69713e-26 0 -1.37746e-29 -3.75003e-24 -8.3573e-26
175 -1.25436e-20 4.6075e-26 0 -3.82116e-29 -1.04028e-23 -2.38636e-25
176 -3.35591e-20 1.23269e-25 0 -1.0444e-28 -2.84329e-23 -6.69934e-25
177 -8.84972e-20 3.25068e-25 0 -2.81312e-28 -7.65848e-23 -1.84958e-24
178 -2.30074e-19 8.4511e-25 0 -7.46882e-28 -2.03333e-22 -5.02314e-24
179 -5.89807e-19 2.16648e-24 0 -1.955e-27 -5.32233e-22 -1.3423e-23
180 -1.49121e-18 5.47751e-24 0 -5.04613e-27 -1.37377e-21 -3.53027e-23
181 -3.71904e-18 1.36608e-23 0 -1.2846e-26 -3.49721e-21 -9.14025e-23
182 -9.15094e-18 3.36133e-23 0 -3.22592e-26 -8.7823e-21 -2.33026e-22
183 -2.22185e-17 8.16131e-23 0 -7.9927e-26 -2.17595e-20 -5.85127e-22
184 -5.32415e-17 1.95567e-22 0 -1.95417e-25 -5.32006e-20 -1.44743e-21
185 -1.25933e-16 4.62578e-22 0 -4.71551e-25 -1.28376e-19 -3.52814e-21
186 -2.94071e-16 1.08018e-21 0 -1.12321e-24 -3.05786e-19 -8.47603e-21
187 -6.78029e-16 2.49054e-21 0 -2.64139e-24 -7.19096e-19 -2.0074e-20
188 -1.5438e-15 5.67071e-21 0 -6.13338e-24 -1.66976e-18 -4.68774e-20
189 -3.47171e-15 1.27523e-20 0 -1.40646e-23 -3.82898e-18 -1.07963e-19
190 -7.71188e-15 2.83273e-20 0 -3.18551e-23 -8.6723e-18 -2.45279e-19
191 -1.69239e-14 6.21648e-20 0 -7.12704e-23 -1.94028e-17 -5.49805e-19
192 -3.66956e-14 1.34791e-19 0 -1.57535e-22 -4.28875e-17 -1.21621e-18
193 -7.86245e-14 2.88804e-19 0 -3.44059e-22 -9.36673e-17 -2.6555e-18
194 -1.66488e-13 6.11544e-19 0 -7.42566e-22 -2.02157e-16 -5.72412e-18
195 -3.48447e-13 1.27992e-18 0 -1.58392e-21 -4.31208e-16 -1.21837e-17
196 -7.20891e-13 2.64798e-18 0 -3.33945e-21 -9.09138e-16 -2.56118e-17
197 -1.47444e-12 5.41592e-18 0 -6.96005e-21 -1.89482e-15 -5.3183e-17
198 -2.98164e-12 1.09522e-17 0 -1.43414e-20 -3.90433e-15 -1.09108e-16
199 -5.96209e-12 2.19e-17 0 -2.92185e-20 -7.95449e-15 -2.21192e-16
200 -1.17896e-11 4.33056e-17 0 -5.88648e-20 -1.60254e-14 -4.43186e-16
201 -2.30568e-11 8.46925e-17 0 -1.17281e-19 -3.19289e-14 -8.77772e-16
202 -4.46006e-11 1.63827e-16 0 -2.3111e-19 -6.29178e-14 -1.71881e-15
203 -8.53416e-11 3.13477e-16 0 -4.50472e-19 -1.22637e-13 -3.32808e-15
204 -1.61547e-10 5.93395e-16 0 -8.6859e-19 -2.36467e-13 -6.37305e-15
205 -3.02547e-10 1.11132e-15 0 -1.65691e-18 -4.51081e-13 -1.20713e-14
206 -5.60633e-10 2.05932e-15 0 -3.12722e-18 -8.5136e-13 -2.26191e-14
207 -1.028e-09 3.77604e-15 0 -5.84021e-18 -1.58995e-12 -4.19345e-14
208 -1.86537e-09 6.85189e-15 0 -1.07931e-17 -2.93833e-12 -7.6931e-14
209 -3.34991e-09 1.23049e-14 0 -1.97399e-17 -5.37404e-12 -1.39675e-13
210 -5.95428e-09 2.18713e-14 0 -3.57323e-17 -9.72782e-12 -2.51e-13
211 -1.04757e-08 3.84793e-14 0 -6.40212e-17 -1.74293e-11 -4.46496e-13
212 -1.82442e-08 6.70146e-14 0 -1.13545e-16 -3.09116e-11 -7.86312e-13
213 -3.14546e-08 1.15539e-13 0 -1.99352e-16 -5.4272e-11 -1.37104e-12
214 -5.36895e-08 1.97213e-13 0 -3.4651e-16 -9.43345e-11 -2.36713e-12
215 -9.07337e-08 3.33283e-13 0 -5.96321e-16 -1.62343e-10 -4.04714e-12
216 -1.51826e-07 5.57689e-13 0 -1.01611e-15 -2.76628e-10 -6.85272e-12
217 -2.51565e-07 9.24052e-13 0 -1.71445e-15 -4.66746e-10 -1.14921e-11
218 -4.12766e-07 1.51618e-12 0 -2.86458e-15 -7.79859e-10 -1.9089e-11
219 -6.70703e-07 2.46363e-12 0 -4.73992e-15 -1.2904e-09 -3.14081e-11
220 -1.07932e-06 3.96458e-12 0 -7.76747e-15 -2.11463e-09 -5.11918e-11
221 -1.72024e-06 6.31879e-12 0 -1.2607e-14 -3.43214e-09 -8.26568e-11
222 -2.71558e-06 9.97489e-12 0 -2.02667e-14 -5.51746e-09 -1.32219e-10
223 -4.24613e-06 1.55969e-11 0 -3.22717e-14 -8.78572e-09 -2.0954e-10
224 -6.57653e-06 2.41569e-11 0 -5.09032e-14 -1.3858e-08 -3.29009e-10
225 -1.009e-05 3.70627e-11 0 -7.95372e-14 -2.16534e-08 -5.11837e-10
226 -1.53353e-05 5.63299e-11 0 -1.23117e-13 -3.35175e-08 -7.88945e-10
227 -2.30896e-05 8.4813e-11 0 -1.888e-13 -5.13992e-08 -1.20493e-09
228 -3.44411e-05 1.26509e-10 0 -2.86839e-13 -7.80896e-08 -1.82342e-09
229 -5.08962e-05 1.86952e-10 0 -4.31761e-13 -1.17544e-07 -2.73416e-09
230 -7.45168e-05 2.73715e-10 0 -6.43918e-13 -1.75301e-07 -4.06237e-09
231 -0.000108092 3.97044e-10 0 -9.51506e-13 -2.5904e-07 -5.98072e-09
232 -0.000155351 5.70637e-10 0 -1.39315e-12 -3.79274e-07 -8.72467e-09
233 -0.00022122 8.12586e-10 0 -2.02116e-12 -5.50244e-07 -1.26114e-08
234 -0.000312127 1.14651e-09 0 -2.90555e-12 -7.91012e-07 -1.80634e-08
235 -0.000436357 1.60283e-09 0 -4.13895e-12 -1.1268e-06 -2.56361e-08
236 -0.000604452 2.22028e-09 0 -5.84243e-12 -1.59055e-06 -3.60509e-08
237 -0.000829652 3.04748e-09 0 -8.17231e-12 -2.22485e-06 -5.02329e-08
238 -0.00112836 4.14471e-09 0 -1.13279e-11 -3.08393e-06 -6.93525e-08
239 -0.00152063 5.58557e-09 0 -1.55601e-11 -4.23611e-06 -9.48703e-08
240 -0.00203058 7.45874e-09 0 -2.11806e-11 -5.76624e-06 -1.28583e-07
241 -0.00268686 9.86937e-09 0 -2.85712e-11 -7.77828e-06 -1.72669e-07
242 -0.00352287 1.29402e-08 0 -3.81933e-11 -1.03978e-05 -2.29726e-07
243 -0.00457696 1.68121e-08 0 -5.05959e-11 -1.37743e-05 -3.02803e-07
244 -0.00589234 2.16438e-08 0 -6.64225e-11 -1.8083e-05 -3.95414e-07
245 -0.00751675 2.76106e-08 0 -8.64146e-11 -2.35257e-05 -5.11531e-07
246 -0.00950179 3.4902e-08 0 -1.11412e-10 -3.03311e-05 -6.55549e-07
247 -0.0119019 4.37182e-08 0 -1.42349e-10 -3.87533e-05 -8.3222e-07
248 -0.0147729 5.4264e-08 0 -1.8024e-10 -4.90689e-05 -1.04654e-06
249 -0.0181702 6.67428e-08 0 -2.26166e-10 -6.15719e-05 -1.30359e-06
250 -0.0221464 8.13482e-08 0 -2.81245e-10 -7.65668e-05 -1.60836e-06
251 -0.0267488 9.8254e-08 0 -3.466e-10 -9.43591e-05 -1.96546e-06
252 -0.0320168 1.17604e-07 0 -4.23316e-10 -0.000115244 -2.37889e-06
253 -0.0379785 1.39503e-07 0 -5.1239e-10 -0.000139494 -2.8517e-06
254 -0.0446482 1.64002e-07 0 -6.14679e-10 -0.000167341 -3.38568e-06
255 -0.0520238 1.91094e-07 0 -7.30839e-10 -0.000198965 -3.98107e-06
256 -0.0600848 2.20704e-07 0 -8.61274e-10 -0.000234475 -4.63625e-06
257 -0.0687908 2.52683e-07 0 -1.00607e-09 -0.000273896 -5.34761e-06
258 -0.0780812 2.86808e-07 0 -1.16498e-09 -0.000317156 -6.10939e-06
259 -0.0878762 3.22787e-07 0 -1.33735e-09 -0.000364082 -6.91372e-06
260 -0.098078 3.60261e-07 0 -1.52213e-09 -0.000414388 -7.75081e-06
261 -0.108574 3.98815e-07 0 -1.7179e-09 -0.000467683 -8.60917e-06
262 -0.119242 4.37999e-07 0 -1.92284e-09 -0.000523477 -9.47615e-06
263 -0.129951 4.77338e-07 0 -2.13485e-09 -0.000581195 -1.03384e-05
264 -0.140572 5.16351e-07 0 -2.35156e-09 -0.000640194 -1.11827e-05
265 -0.150978 5.54574e-07 0 -2.57047e-09 -0.000699789 -1.19962e-05
266 -0.161051 5.91572e-07 0 -2.78899e-09 -0.000759281 -1.27676e-05
267 -0.170683 6.26954e-07 0 -3.0046e-09 -0.000817978 -1.3487e-05
268 -0.179783 6.60379e-07 0 -3.21489e-09 -0.000875227 -1.41468e-05
269 -0.188271 6.91559e-07 0 -3.41766e-09 -0.00093043 -1.47412e-05
270 -0.196083 7.20252e-07 0 -3.61098e-09 -0.00098306 -1.52665e-05
271 -0.203162 7.46255e-07 0 -3.7932e-09 -0.00103267 -1.57202e-05
272 -0.209459 7.69385e-07 0 -3.96291e-09 -0.00107887 -1.61007e-05
273 -0.214925 7.89465e-07 0 -4.11896e-09 -0.00112135 -1.64063e-05
274 -0.219509 8.06302e-07 0 -4.2603e-09 -0.00115983 -1.66344e-05
275 -0.22315 8.19674e-07 0 -4.38597e-09 -0.00119404 -1.6781e-05
276 -0.225776 8.29322e-07 0 -4.49493e-09 -0.00122371 -1.68402e-05
277 -0.227307 8.34943e-07 0 -4.58603e-09 -0.00124851 -1.68042e-05
278 -0.22765 8.36204e-07 0 -4.65791e-09 -0.00126808 -1.66634e-05
279 -0.226709 8.32747e-07 0 -4.70897e-09 -0.00128198 -1.64075e-05
280 -0.224388 8.24223e-07 0 -4.73743e-09 -0.00128973 -1.60261e-05
281 -0.220599 8.10307e-07 0 -4.74134e-09 -0.00129079 -1.55102e-05
282 -0.215271 7.90734e-07 0 -4.71872e-09 -0.00128463 -1.48532e-05
283 -0.208351 7.65314e-07 0 -4.66768e-09 -0.00127074 -1.40519e-05
284 -0.199813 7.33955e-07 0 -4.5866e-09 -0.00124866 -1.31068e-05
285 -0.18966 6.9666e-07 0 -4.47421e-09 -0.00121807 -1.20223e-05
286 -0.177917 6.53526e-07 0 -4.32974e-09 -0.00117874 -1.0806e-05
287 -0.16463 6.04719e-07 0 -4.15294e-09 -0.0011306 -9.46766e-06
288 -0.149856 5.5045e-07 0 -3.94407e-09 -0.00107374 -8.01742e-06
289 -0.133655 4.90944e-07 0 -3.70384e-09 -0.00100834 -6.46457e-06
290 -0.116086 4.26406e-07 0 -3.43323e-09 -0.00093467 -4.81591e-06
291 -0.0971915 3.57004e-07 0 -3.13339e-09 -0.000853041 -3.07493e-06
292 -0.0770059 2.82859e-07 0 -2.80542e-09 -0.000763751 -1.24164e-06
293 -0.05555 2.04047e-07 0 -2.45022e-09 -0.000667052 6.86707e-07
294 -0.0328397 1.20627e-07 0 -2.06847e-09 -0.000563123 2.71402e-06
295 -0.00889482 3.26725e-08 0 -1.66058e-09 -0.00045208 4.84309e-06
296 0.0162505 -5.96916e-08 0 -1.22681e-09 -0.000333989 7.07306e-06
297 0.0425376 -1.56249e-07 0 -7.6739e-10 -0.000208916 9.39726e-06
298 0.0698762 -2.5667e-07 0 -2.82774e-10 -7.69828e-05 1.18017e-05
299 0.0981422 -3.60496e-07 0 2.26175e-10 6.15742e-05 1.42655e-05
300 0.127181 -4.67163e-07 0 7.58001e-10 0.000206359 1.6762e-05
301 0.156818 -5.76023e-07 0 1.31057e-09 0.000356791 1.92627e-05
302 0.186867 -6.86401e-07 0 1.88108e-09 0.00051211 2.17411e-05
303 0.217152 -7.97642e-07 0 2.46623e-09 0.000671412 2.41775e-05
304 0.247511 -9.09159e-07 0 3.06242e-09 0.000833719 2.65617e-05
305 0.277813 -1.02046e-06 0 3.66606e-09 0.000998055 2.88944e-05
306 0.307949 -1.13116e-06 -4.48571e-23 4.27385e-09 0.00116352 3.11844e-05
307 0.337835 -1.24094e-06 -2.24042e-22 4.88296e-09 0.00132935 3.34446e-05
308 0.367391 -1.3495e-06 -6.26541e-22 5.49117e-09 0.00149492 3.56842e-05
309 0.396528 -1.45653e-06 -1.43057e-21 6.09668e-09 0.00165977 3.79025e-05
310 0.425132 -1.5616e-06 2.81756e-22 6.69799e-09 0.00182347 4.00839e-05
311 0.453053 -1.66416e-06 2.82711e-20 7.29349e-09 0.00198559 4.21971e-05
312 0.480104 -1.76352e-06 1.07694e-19 7.88119e-09 0.00214559 4.41997e-05
313 0.506068 -1.85889e-06 1.28911e-19 8.4584e-09 0.00230273 4.60457e-05
314 0.53072 -1.94944e-06 -9.51766e-20 9.02164e-09 0.00245607 4.7697e-05
315 0.55384 -2.03437e-06 -5.81539e-19 9.56679e-09 0.00260448 4.91318e-05
316 0.575245 -2.11299e-06 -3.37083e-18 1.00893e-08 0.00274674 5.03502e-05
317 0.594792 -2.18479e-06 -8.47335e-18 1.05848e-08 0.00288161 5.13716e-05
318 0.612388 -2.24943e-06 -1.47369e-17 1.10491e-08 0.00300803 5.2227e-05
319 0.627978 -2.30669e-06 4.74756e-18 1.14792e-08 0.00312512 5.29454e-05
320 0.641524 -2.35645e-06 2.71159e-17 1.18728e-08 0.00323228 5.35405e-05
321 0.652981 -2.39853e-06 5.34957e-17 1.22287e-08 0.00332915 5.40019e-05
322 0.662275 -2.43267e-06 5.82451e-17 1.25458e-08 0.00341549 5.42945e-05
323 0.669294 -2.45846e-06 3.87401e-17 1.28234e-08 0.00349106 5.43663e-05
324 0.673892 -2.47534e-06 4.09828e-17 1.30601e-08 0.0035555 5.41642e-05
325 0.675903 -2.48273e-06 4.14101e-17 1.32538e-08 0.00360825 5.36502e-05
326 0.675169 -2.48003e-06 6.75549e-17 1.34018e-08 0.00364853 5.28147e-05
327 0.67157 -2.46681e-06 9.52217e-17 1.35007e-08 0.00367545 5.16796e-05
328 0.665038 -2.44282e-06 9.74635e-17 1.35471e-08 0.0036881 5.02903e-05
329 0.655568 -2.40804e-06 7.4299e-17 1.35384e-08 0.00368571 4.86992e-05
330 0.643202 -2.36261e-06 1.56674e-18 1.34726e-08 0.0036678 4.69462e-05
331 0.628007 -2.3068e-06 -4.45124e-17 1.33491e-08 0.00363419 4.50438e-05
332 0.610049 -2.24083e-06 -3.99582e-17 1.31684e-08 0.00358498 4.29719e-05
333 0.589369 -2.16487e-06 1.55101e-17 1.29313e-08 0.00352045 4.06863e-05
334 0.565978 -2.07895e-06 7.08669e-17 1.26392e-08 0.00344092 3.81364e-05
335 0.539859 -1.98301e-06 1.01343e-16 1.22928e-08 0.0033466 3.52865e-05
336 0.510992 -1.87698e-06 1.04236e-16 1.18922e-08 0.00323756 3.21315e-05
337 0.47938 -1.76086e-06 7.51421e-17 1.14373e-08 0.00311371 2.87024e-05
338 0.445067 -1.63482e-06 5.97254e-17 1.09275e-08 0.00297491 2.50568e-05
339 0.408157 -1.49924e-06 8.14052e-17 1.03624e-08 0.00282108 2.12604e-05
340 0.3688 -1.35468e-06 1.70731e-16 9.74267e-09 0.00265236 1.73654e-05
341 0.327182 -1.20181e-06 3.37874e-16 9.06975e-09 0.00246916 1.33951e-05
342 0.283504 -1.04137e-06 5.92667e-16 8.34615e-09 0.00227217 9.34029e-06
343 0.237958 -8.7407e-07 9.35177e-16 7.57515e-09 0.00206227 5.17055e-06
344 0.190723 -7.00565e-07 1.381e-15 6.7604e-09 0.00184046 8.53118e-07
345 0.141966 -5.21471e-07 1.9506e-15 5.90553e-09 0.00160773 -3.6263e-06
346 0.0918595 -3.37419e-07 2.69069e-15 5.01398e-09 0.00136501 -8.25072e-06
347 0.0405943 -1.49111e-07 3.68286e-15 4.08899e-09 0.00111319 -1.29719e-05
348 -0.0116054 4.26292e-08 5.04626e-15 3.13382e-09 0.000853157 -1.77228e-05
349 -0.0644812 2.36853e-07 6.92317e-15 2.15208e-09 0.000585886 -2.24376e-05
350 -0.117747 4.32509e-07 9.45079e-15 1.14793e-09 0.000312514 -2.70693e-05
351 -0.171104 6.28499e-07 1.27515e-14 1.26197e-10 3.43562e-05 -3.15984e-05
352 -0.224256 8.23739e-07 1.6956e-14 -9.07728e-10 -0.000247122 -3.60296e-05
353 -0.276922 1.01719e-06 2.22189e-14 -1.94815e-09 -0.000530368 -4.03772e-05
354 -0.328837 1.20788e-06 2.87211e-14 -2.98934e-09 -0.000813825 -4.46472e-05
355 -0.379751 1.3949e-06 3.66626e-14 -4.02579e-09 -0.00109599 -4.88252e-05
356 -0.429422 1.57736e-06 4.62538e-14 -5.05223e-09 -0.00137543 -5.2873e-05
357 -0.477616 1.75438e-06 5.76632e-14 -6.06367e-09 -0.00165078 -5.67382e-05
358 -0.524105 1.92514e-06 7.10454e-14 -7.05527e-09 -0.00192074 -6.03695e-05
359 -0.568675 2.08886e-06 8.65255e-14 -8.02228e-09 -0.002184 -6.37318e-05
360 -0.611138 2.24484e-06 1.04214e-13 -8.96009e-09 -0.00243931 -6.68141e-05
361 -0.651339 2.3925e-06 1.24126e-13 -9.86436e-09 -0.00268549 -6.96266e-05
362 -0.689154 2.5314e-06 1.46204e-13 -1.07312e-08 -0.00292148 -7.21892e-05
363 -0.72449 2.6612e-06 1.70256e-13 -1.15573e-08 -0.00314639 -7.45179e-05
364 -0.757271 2.78161e-06 1.96044e-13 -1.23401e-08 -0.0033595 -7.66144e-05
365 -0.787428 2.89238e-06 2.23286e-13 -1.30775e-08 -0.00356024 -7.84649e-05
366 -0.814888 2.99325e-06 2.51609e-13 -1.37678e-08 -0.00374818 -8.00463e-05
367 -0.839574 3.08393e-06 2.80647e-13 -1.44096e-08 -0.00392289 -8.1337e-05
368 -0.861399 3.1641e-06 3.09883e-13 -1.50012e-08 -0.00408397 -8.23248e-05
369 -0.880277 3.23344e-06 3.38751e-13 -1.55412e-08 -0.00423097 -8.3011e-05
370 -0.896122 3.29164e-06 3.66774e-13 -1.60277e-08 -0.00436341 -8.34054e-05
371 -0.908851 3.33839e-06 3.93473e-13 -1.6459e-08 -0.00448082 -8.35188e-05
372 -0.918385 3.37342e-06 4.18416e-13 -1.68332e-08 -0.00458269 -8.33557e-05
373 -0.924654 3.39644e-06 4.41209e-13 -1.71485e-08 -0.00466855 -8.29108e-05
374 -0.927591 3.40723e-06 4.61299e-13 -1.74033e-08 -0.00473792 -8.21712e-05
375 -0.927142 3.40558e-06 4.78079e-13 -1.75959e-08 -0.00479035 -8.11222e-05
376 -0.92327 3.39136e-06 4.91056e-13 -1.77247e-08 -0.00482541 -7.97537e-05
377 -0.91596 3.36451e-06 4.99855e-13 -1.77884e-08 -0.00484275 -7.80639e-05
378 -0.905228 3.32509e-06 5.04167e-13 -1.77859e-08 -0.00484208 -7.60601e-05
379 -0.891121 3.27327e-06 5.03667e-13 -1.77167e-08 -0.00482323 -7.3757e-05
380 -0.873718 3.20935e-06 4.98011e-13 -1.75807e-08 -0.00478619 -7.11741e-05
381 -0.853127 3.13371e-06 4.86723e-13 -1.73784e-08 -0.00473112 -6.83334e-05
382 -0.829476 3.04683e-06 4.6932e-13 -1.71109e-08 -0.00465831 -6.52581e-05
383 -0.802905 2.94923e-06 4.45268e-13 -1.67802e-08 -0.00456826 -6.19696e-05
384 -0.773558 2.84144e-06 4.14258e-13 -1.63882e-08 -0.00446156 -5.84855e-05
385 -0.741567 2.72393e-06 3.76101e-13 -1.59376e-08 -0.00433889 -5.48162e-05
386 -0.707049 2.59714e-06 3.30714e-13 -1.54311e-08 -0.00420099 -5.09645e-05
387 -0.670102 2.46142e-06 2.78043e-13 -1.48711e-08 -0.00404854 -4.69283e-05
388 -0.630805 2.31708e-06 2.17928e-13 -1.426e-08 -0.00388217 -4.27058e-05
389 -0.589235 2.16438e-06 1.50262e-13 -1.35996e-08 -0.00370238 -3.83019e-05
390 -0.545476 2.00364e-06 7.49469e-14 -1.28915e-08 -0.0035096 -3.37318e-05
391 -0.499635 1.83526e-06 -7.99901e-15 -1.21369e-08 -0.00330418 -2.90192e-05
392 -0.451853 1.65975e-06 -9.84862e-14 -1.13374e-08 -0.0030865 -2.41911e-05
393 -0.402309 1.47776e-06 -1.96396e-13 -1.04945e-08 -0.00285705 -1.92714e-05
394 -0.351215 1.29008e-06 -3.016e-13 -9.61083e-09 -0.00261647 -1.42778e-05
395 -0.298808 1.09758e-06 -4.13937e-13 -8.6893e-09 -0.00236559 -9.22419e-06
396 -0.245342 9.01193e-07 -5.33142e-13 -7.73374e-09 -0.00210545 -4.12742e-06
397 -0.191075 7.01858e-07 -6.58833e-13 -6.7485e-09 -0.00183722 9.86581e-07
398 -0.136257 5.00498e-07 -7.90547e-13 -5.73835e-09 -0.00156222 6.08217e-06
399 -0.0811197 2.97969e-07 -9.27797e-13 -4.70826e-09 -0.00128179 1.1121e-05
400 -0.02587 9.50257e-08 -1.07006e-12 -3.6632e-09 -0.000997275 1.60739e-05
401 0.02932 -1.07698e-07 -1.2168e-12 -2.60787e-09 -0.000709972 2.09317e-05
402 0.0843107 -3.09691e-07 -1.36737e-12 -1.54652e-09 -0.000421028 2.5707e-05
403 0.138986 -5.10524e-07 -1.52105e-12 -4.82721e-10 -0.000131417 3.04252e-05
404 0.193235 -7.0979e-07 -1.67701e-12 5.80677e-10 0.000158085 3.51079e-05
405 0.246928 -9.07019e-07 -1.8344e-12 1.6414e-09 0.000446857 3.97548e-05
406 0.2999 -1.1016e-06 -1.99236e-12 2.69742e-09 0.000734349 4.43353e-05
407 0.351934 -1.29273e-06 -2.15e-12 3.74649e-09 0.00101995 4.87918e-05
408 0.402769 -1.47945e-06 -2.30637e-12 4.78569e-09 0.00130286 5.30553e-05
409 0.452116 -1.66072e-06 -2.46041e-12 5.81113e-09 0.00158203 5.70649e-05
410 0.499691 -1.83547e-06 -2.61106e-12 6.81792e-09 0.00185612 6.07837e-05
411 0.545241 -2.00278e-06 -2.75725e-12 7.8005e-09 0.00212362 6.42041e-05
412 0.588568 -2.16193e-06 -2.89794e-12 8.75309e-09 0.00238296 6.73437e-05
413 0.629542 -2.31244e-06 -3.03218e-12 9.67039e-09 0.00263268 7.02336e-05
414 0.66809 -2.45403e-06 -3.15901e-12 1.0548e-08 0.00287161 7.29055e-05
415 0.704178 -2.58659e-06 -3.27737e-12 1.13828e-08 0.00309888 7.53816e-05
416 0.737785 -2.71004e-06 -3.38616e-12 1.2173e-08 0.00331399 7.76682e-05
417 0.768872 -2.82423e-06 -3.48419e-12 1.29175e-08 0.00351668 7.97524e-05
418 0.79736 -2.92887e-06 -3.57045e-12 1.3616e-08 0.00370684 8.16022e-05
419 0.823117 -3.02348e-06 -3.64395e-12 1.42679e-08 0.00388431 8.31699e-05
420 0.845968 -3.10742e-06 -3.70383e-12 1.48718e-08 0.00404872 8.44006e-05
421 0.865714 -3.17995e-06 -3.7492e-12 1.54255e-08 0.00419946 8.52463e-05
422 0.882166 -3.24038e-06 -3.77918e-12 1.59256e-08 0.00433562 8.56817e-05
423 0.895178 -3.28817e-06 -3.79283e-12 1.63682e-08 0.00445611 8.57161e-05
424 0.904681 -3.32308e-06 -3.78935e-12 1.67491e-08 0.0045598 8.53948e-05
425 0.910688 -3.34514e-06 -3.76805e-12 1.70649e-08 0.00464578 8.47866e-05
426 0.913281 -3.35467e-06 -3.72834e-12 1.73136e-08 0.00471349 8.39605e-05
427 0.912583 -3.3521e-06 -3.66972e-12 1.74948e-08 0.00476281 8.29593e-05
428 0.908709 -3.33787e-06 -3.59182e-12 1.76096e-08 0.00479406 8.17816e-05
429 0.901734 -3.31226e-06 -3.49416e-12 1.766e-08 0.00480779 8.03802e-05
430 0.891674 -3.2753e-06 -3.37643e-12 1.76483e-08 0.00480461 7.86797e-05
431 0.878483 -3.22685e-06 -3.23833e-12 1.75761e-08 0.00478495 7.66068e-05
432 0.862089 -3.16663e-06 -3.07981e-12 1.74438e-08 0.00474893 7.41211e-05
433 0.842432 -3.09443e-06 -2.9009e-12 1.72507e-08 0.00469636 7.12354e-05
434 0.819506 -3.01021e-06 -2.70181e-12 1.69953e-08 0.00462683 6.80157e-05
435 0.793384 -2.91426e-06 -2.48277e-12 1.66761e-08 0.00453994 6.45607e-05
436 0.764219 -2.80713e-06 -2.24399e-12 1.62925e-08 0.0044355 6.09681e-05
437 0.732225 -2.68961e-06 -1.9857e-12 1.58451e-08 0.00431371 5.73009e-05
438 0.697631 -2.56254e-06 -1.70828e-12 1.53364e-08 0.0041752 5.35663e-05
439 0.660646 -2.42669e-06 -1.4123e-12 1.47697e-08 0.00402094 4.97174e-05
440 0.621429 -2.28263e-06 -1.09858e-12 1.41495e-08 0.00385207 4.5677e-05
441 0.580084 -2.13077e-06 -7.68174e-13 1.34795e-08 0.00366968 4.13741e-05
442 0.53668 -1.97134e-06 -4.22177e-13 1.2763e-08 0.00347462 3.67796e-05
443 0.491286 -1.80459e-06 -6.16135e-14 1.20021e-08 0.00326747 3.19255e-05
444 0.444006 -1.63093e-06 3.12573e-13 1.11981e-08 0.00304858 2.68976e-05
445 0.395001 -1.45092e-06 6.99384e-13 1.03521e-08 0.00281828 2.18066e-05
446 0.344489 -1.26538e-06 1.09761e-12 9.46582e-09 0.00257699 1.67472e-05
447 0.292724 -1.07523e-06 1.50579e-12 8.54183e-09 0.00232544 1.17653e-05
448 0.239967 -8.81446e-07 1.92222e-12 7.5838e-09 0.00206463 6.84688e-06
449 0.186454 -6.84886e-07 2.34514e-12 6.59619e-09 0.00179576 1.9341e-06
450 0.13239 -4.86295e-07 2.77281e-12 5.58367e-09 0.00152011 -3.03938e-06
451 0.0779448 -2.86307e-07 3.20356e-12 4.55058e-09 0.00123886 -8.11035e-06
452 0.0232803 -8.55135e-08 3.63574e-12 3.5007e-09 0.000953036 -1.32631e-05
453 -0.0314314 1.15454e-07 4.06751e-12 2.43721e-09 0.000663509 -1.84314e-05
454 -0.0859927 3.15869e-07 4.49681e-12 1.36306e-09 0.000371082 -2.35237e-05
455 -0.14018 5.14909e-07 4.92138e-12 2.8135e-10 7.65954e-05 -2.84581e-05
456 -0.193755 7.11702e-07 5.33893e-12 -8.04422e-10 -0.000218997 -3.31911e-05
457 -0.246485 9.0539e-07 5.74728e-12 -1.89029e-09 -0.000514616 -3.77263e-05
458 -0.298155 1.09519e-06 6.14439e-12 -2.97202e-09 -0.000809107 -4.21013e-05
459 -0.348575 1.28039e-06 6.52827e-12 -4.04538e-09 -0.00110132 -4.636e-05
460 -0.397573 1.46037e-06 6.89683e-12 -5.10646e-09 -0.00139019 -5.05251e-05
461 -0.444985 1.63452e-06 7.24783e-12 -6.15172e-09 -0.00167475 -5.45825e-05
462 -0.490638 1.80222e-06 7.5789e-12 -7.17792e-09 -0.00195413 -5.84848e-05
463 -0.534352 1.96279e-06 7.88772e-12 -8.18195e-09 -0.00222747 -6.21694e-05
464 -0.575937 2.11554e-06 8.17204e-12 -9.16052e-09 -0.00249388 -6.55821e-05
465 -0.615207 2.25978e-06 8.4295e-12 -1.01101e-08 -0.0027524 -6.86955e-05
466 -0.651994 2.39491e-06 8.65738e-12 -1.1027e-08 -0.00300201 -7.15124e-05
467 -0.686154 2.52038e-06 8.8522e-12 -1.19073e-08 -0.00324166 -7.40565e-05
468 -0.717571 2.63579e-06 9.00907e-12 -1.27474e-08 -0.00347037 -7.63542e-05
469 -0.746154 2.74078e-06 9.12099e-12 -1.35441e-08 -0.00368726 -7.84172e-05
470 -0.771821 2.83506e-06 9.17762e-12 -1.42944e-08 -0.00389154 -8.02349e-05
471 -0.794494 2.91834e-06 9.16338e-12 -1.4996e-08 -0.00408254 -8.17786e-05
472 -0.814097 2.99035e-06 9.0545e-12 -1.56465e-08 -0.00425963 -8.30134e-05
473 -0.830553 3.05079e-06 8.81407e-12 -1.62436e-08 -0.00442218 -8.39136e-05
474 -0.843794 3.09943e-06 8.38495e-12 -1.67848e-08 -0.00456952 -8.44702e-05
475 -0.853768 3.13606e-06 7.67928e-12 -1.72677e-08 -0.00470099 -8.46906e-05
476 -0.860443 3.16059e-06 6.56305e-12 -1.76899e-08 -0.00481594 -8.45899e-05
477 -0.863811 3.17295e-06 4.83309e-12 -1.80493e-08 -0.00491377 -8.41813e-05
478 -0.863878 3.1732e-06 2.18369e-12 -1.83439e-08 -0.00499399 -8.34696e-05
479 -0.86067 3.16142e-06 -1.84161e-12 -1.85724e-08 -0.00505618 -8.24526e-05
480 -0.854223 3.13774e-06 -7.9191e-12 -1.87335e-08 -0.00510005 -8.11261e-05
481 -0.844586 3.10234e-06 -1.70425e-11 -1.88265e-08 -0.00512535 -7.94891e-05
482 -0.831815 3.05543e-06 -3.066e-11 -1.88507e-08 -0.00513196 -7.75449e-05
483 -0.815975 2.99724e-06 -5.08641e-11 -1.8806e-08 -0.00511979 -7.52986e-05
484 -0.797132 2.92803e-06 -8.06524e-11 -1.86925e-08 -0.00508888 -7.27534e-05
485 -0.77536 2.84806e-06 -1.24281e-10 -1.85104e-08 -0.00503931 -6.9911e-05
486 -0.750733 2.7576e-06 -1.87742e-10 -1.82602e-08 -0.0049712 -6.67765e-05
487 -0.723339 2.65698e-06 -2.79391e-10 -1.79426e-08 -0.00488472 -6.33645e-05
488 -0.693283 2.54658e-06 -4.10773e-10 -1.75581e-08 -0.00478006 -5.97013e-05
489 -0.660689 2.42686e-06 -5.97696e-10 -1.71078e-08 -0.00465747 -5.58186e-05
490 -0.625697 2.29833e-06 -8.61584e-10 -1.6593e-08 -0.00451733 -5.17424e-05
491 -0.588455 2.16154e-06 -1.23119e-09 -1.60156e-08 -0.00436013 -4.74824e-05
492 -0.549114 2.01703e-06 -1.74472e-09 -1.53777e-08 -0.00418647 -4.30315e-05
493 -0.507817 1.86535e-06 -2.45237e-09 -1.46818e-08 -0.00399702 -3.83765e-05
494 -0.464709 1.70702e-06 -3.41938e-09 -1.39304e-08 -0.00379248 -3.35153e-05
495 -0.419941 1.54259e-06 -4.72957e-09 -1.3126e-08 -0.0035735 -2.84707e-05
496 -0.37368 1.37269e-06 -6.48934e-09 -1.2271e-08 -0.00334075 -2.32893e-05
497 -0.326112 1.19799e-06 -8.83197e-09 -1.13679e-08 -0.00309492 -1.80274e-05
498 -0.277439 1.01923e-06 -1.19222e-08 -1.04196e-08 -0.0028368 -1.27282e-05
499 -0.227865 8.37172e-07 -1.59606e-08 -9.42947e-09 -0.0025673 -7.40701e-06
500 -0.177587 6.52534e-07 -2.11874e-08 -8.40109e-09 -0.00228741 -2.0525e-06
501 -0.126791 4.66002e-07 -2.78853e-08 -7.33824e-09 -0.00199815 3.35589e-06
502 -0.0756584 2.78232e-07 -3.63805e-08 -6.24464e-09 -0.00170056 8.824e-06
503 -0.0243703 8.98925e-08 -4.70401e-08 -5.12387e-09 -0.00139561 1.43275e-05
504 0.0268791 -9.83111e-08 -6.02663e-08 -3.97948e-09 -0.00108428 1.98143e-05
505 0.0778833 -2.8563e-07 -7.64841e-08 -2.81517e-09 -0.0007676 2.52238e-05
506 0.128431 -4.71302e-07 -9.61227e-08 -1.63502e-09 -0.000446681 3.05103e-05
507 0.178316 -6.54596e-07 -1.19587e-07 -4.43456e-10 -0.000122752 3.56581e-05
508 0.227352 -8.34852e-07 -1.47218e-07 7.54855e-10 0.000202894 4.0678e-05
509 0.275371 -1.01149e-06 -1.79242e-07 1.95524e-09 0.00052896 4.55884e-05
510 0.322219 -1.18401e-06 -2.15705e-07 3.15322e-09 0.000854203 5.03928e-05
511 0.367744 -1.35191e-06 -2.56392e-07 4.3446e-09 0.00117745 5.50672e-05
512 0.411793 -1.51473e-06 -3.00733e-07 5.52538e-09 0.00149757 5.95643e-05
513 0.454202 -1.67198e-06 -3.47688e-07 6.69162e-09 0.00181347 6.38312e-05
514 0.494804 -1.82319e-06 -3.95633e-07 7.83928e-09 0.00212401 6.78301e-05
515 0.53344 -1.96794e-06 -4.42224e-07 8.96422e-09 0.00242802 7.15499e-05
516 0.569962 -2.10591e-06 -4.84269e-07 1.00623e-08 0.00272432 7.50023e-05
517 0.60424 -2.23685e-06 -5.17598e-07 1.11293e-08 0.00301178 7.82063e-05
518 0.636158 -2.36064e-06 -5.3695e-07 1.21616e-08 0.00328931 8.11694e-05
519 0.665609 -2.47721e-06 -5.35882e-07 1.31553e-08 0.0035559 8.38771e-05
520 0.692492 -2.58654e-06 -5.06719e-07 1.41071e-08 0.00381059 8.62956e-05
521 0.716705 -2.68869e-06 -4.40548e-07 1.50138e-08 0.00405246 8.83847e-05
522 0.738157 -2.78374e-06 -3.2727e-07 1.58719e-08 0.00428062 9.01144e-05
523 0.756765 -2.87188e-06 -1.55721e-07 1.66782e-08 0.00449418 9.1475e-05
524 0.772465 -2.95335e-06 8.61234e-08 1.74296e-08 0.00469228 9.24768e-05
525 0.78521 -3.02848e-06 4.10884e-07 1.81229e-08 0.00487411 9.31405e-05
526 0.79497 -3.09764e-06 8.31424e-07 1.87552e-08 0.0050389 9.34835e-05
527 0.801728 -3.16124e-06 1.36044e-06 1.93239e-08 0.00518597 9.35105e-05
528 0.805475 -3.21969e-06 2.01001e-06 1.98266e-08 0.0053147 9.32117e-05
529 0.806213 -3.27336e-06 2.7911e-06 2.02611e-08 0.00542456 9.25691e-05
530 0.803948 -3.32259e-06 3.7131e-06 2.06257e-08 0.00551506 9.15661e-05
531 0.798696 -3.36768e-06 4.78337e-06 2.09187e-08 0.00558582 9.01959e-05
532 0.790485 -3.40885e-06 6.00688e-06 2.11389e-08 0.00563649 8.84651e-05
533 0.779353 -3.44628e-06 7.38596e-06 2.12852e-08 0.00566683 8.63902e-05
534 0.765352 -3.48009e-06 8.92011e-06 2.13571e-08 0.00567665 8.39916e-05
535 0.748545 -3.51033e-06 1.0606e-05 2.13543e-08 0.00566587 8.12862e-05
536 0.729004 -3.53698e-06 1.24378e-05 2.12769e-08 0.00563451 7.82836e-05
537 0.706808 -3.55997e-06 1.44072e-05 2.11253e-08 0.00558265 7.4986e-05
538 0.682042 -3.57917e-06 1.65039e-05 2.09003e-08 0.00551047 7.13927e-05
539 0.654799 -3.59439e-06 1.87163e-05 2.06025e-08 0.00541818 6.75065e-05
540 0.625181 -3.60547e-06 2.10318e-05 2.0233e-08 0.00530603 6.3339e-05
541 0.593303 -3.61222e-06 2.34371e-05 1.97925e-08 0.00517432 5.89127e-05
542 0.559295 -3.61449e-06 2.59191e-05 1.92821e-08 0.0050234 5.4258e-05
543 0.523301 -3.61217e-06 2.84647e-05 1.8703e-08 0.00485369 4.94051e-05
544 0.485477 -3.60516e-06 3.10609e-05 1.80565e-08 0.00466572 4.43769e-05
545 0.44598 -3.59335e-06 3.36948e-05 1.73446e-08 0.00446014 3.91842e-05
546 0.404968 -3.57658e-06 3.63532e-05 1.65693e-08 0.0042377 3.38287e-05
547 0.362594 -3.55463e-06 3.9022e-05 1.57329e-08 0.00399922 2.8312e-05
548 0.319009 -3.52723e-06 4.16858e-05 1.48382e-08 0.00374558 2.26457e-05
549 0.274366 -3.49402e-06 4.4327e-05 1.38879e-08 0.00347769 1.68576e-05
550 0.228827 -3.4546e-06 4.69258e-05 1.28852e-08 0.00319648 1.0988e-05
551 0.18256 -3.40851e-06 4.94596e-05 1.18336e-08 0.00290296 5.07912e-06
552 0.135739 -3.35525e-06 5.19026e-05 1.07371e-08 0.0025982 -8.37329e-07
553 0.088537 -3.29425e-06 5.4227e-05 9.6002e-09 0.00228334 -6.74593e-06
554 0.041125 -3.22487e-06 5.64025e-05 8.42746e-09 0.00195956 -1.26435e-05
555 -0.00632997 -3.14648e-06 5.83981e-05 7.2237e-09 0.00162805 -1.85275e-05
556 -0.0536614 -3.05847e-06 6.01825e-05 5.99371e-09 0.00129003 -2.43838e-05
557 -0.1007 -2.96027e-06 6.17254e-05 4.74218e-09 0.000946709 -3.01827e-05
558 -0.147274 -2.85142e-06 6.29989e-05 3.47374e-09 0.000599324 -3.5884e-05
559 -0.19321 -2.73155e-06 6.39778e-05 2.19294e-09 0.000249173 -4.14493e-05
560 -0.238341 -2.60037e-06 6.46403e-05 9.04296e-10 -0.000102398 -4.68519e-05
561 -0.282507 -2.45764e-06 6.49684e-05 -3.87801e-10 -0.000454014 -5.20789e-05
562 -0.325562 -2.30317e-06 6.49469e-05 -1.67909e-09 -0.000804295 -5.71255e-05
563 -0.367367 -2.13678e-06 6.45632e-05 -2.96541e-09 -0.00115188 -6.19845e-05
564 -0.407787 -1.9583e-06 6.3806e-05 -4.24265e-09 -0.00149545 -6.66402e-05
565 -0.44669 -1.76755e-06 6.26644e-05 -5.50655e-09 -0.00183369 -7.10679e-05
566 -0.483948 -1.56435e-06 6.11267e-05 -6.7526e-09 -0.00216531 -7.52405e-05
567 -0.519433 -1.34849e-06 5.91802e-05 -7.97603e-09 -0.00248904 -7.91346e-05
568 -0.553024 -1.11976e-06 5.68107e-05 -9.17185e-09 -0.00280365 -8.27342e-05
569 -0.584604 -8.7799e-07 5.40032e-05 -1.0335e-08 -0.00310795 -8.60291e-05
570 -0.614064 -6.23047e-07 5.07426e-05 -1.14604e-08 -0.00340082 -8.90114e-05
571 -0.641301 -3.54929e-07 4.70153e-05 -1.25432e-08 -0.00368118 -9.16733e-05
572 -0.666216 -7.37782e-08 4.28109e-05 -1.3579e-08 -0.00394801 -9.40058e-05
573 -0.688721 2.20088e-07 3.81233e-05 -1.45637e-08 -0.00420031 -9.6001e-05
574 -0.708736 5.26172e-07 3.29524e-05 -1.5494e-08 -0.00443715 -9.7652e-05
575 -0.726189 8.43806e-07 2.73044e-05 -1.6367e-08 -0.00465768 -9.89525e-05
576 -0.741017 1.17218e-06 2.11916e-05 -1.71807e-08 -0.0048611 -9.98955e-05
577 -0.753163 1.51039e-06 1.46318e-05 -1.79335e-08 -0.00504672 -0.000100474
578 -0.762577 1.85747e-06 7.64671e-06 -1.8624e-08 -0.00521388 -0.000100685
579 -0.769217 2.21248e-06 2.60054e-07 -1.92508e-08 -0.00536202 -0.000100527
580 -0.773053 2.5745e-06 -7.50408e-06 -1.98124e-08 -0.00549059 -0.000100008
581 -0.774065 2.9427e-06 -1.56227e-05 -2.03067e-08 -0.00559914 -9.91351e-05
582 -0.772248 3.31624e-06 -2.40747e-05 -2.07318e-08 -0.00568731 -9.79155e-05
583 -0.767602 3.6943e-06 -3.28404e-05 -2.10852e-08 -0.0057548 -9.63512e-05
584 -0.76014 4.07596e-06 -4.19012e-05 -2.13647e-08 -0.00580142 -9.4441e-05
585 -0.749882 4.46013e-06 -5.12368e-05 -2.15682e-08 -0.00582702 -9.21858e-05
586 -0.736859 4.84557e-06 -6.08242e-05 -2.16941e-08 -0.00583153 -8.9592e-05
587 -0.721117 5.2308e-06 -7.06351e-05 -2.17414e-08 -0.00581489 -8.66734e-05
588 -0.702716 5.61418e-06 -8.06346e-05 -2.171e-08 -0.00577715 -8.34474e-05
589 -0.681727 5.99391e-06 -9.07809e-05 -2.16011e-08 -0.0057184 -7.99305e-05
590 -0.658231 6.3681e-06 -0.000101026 -2.14166e-08 -0.00563885 -7.61349e-05
591 -0.632318 6.73489e-06 -0.000111316 -2.11589e-08 -0.00553878 -7.20705e-05
592 -0.604087 7.09253e-06 -0.000121597 -2.08308e-08 -0.00541851 -6.77481e-05
593 -0.573646 7.43939e-06 -0.000131814 -2.04348e-08 -0.00527844 -6.3183e-05
594 -0.541112 7.77407e-06 -0.000141915 -1.99727e-08 -0.00511904 -5.83942e-05
595 -0.506613 8.09528e-06 -0.000151853 -1.9446e-08 -0.00494087 -5.34015e-05
596 -0.470279 8.40178e-06 -0.000161584 -1.88553e-08 -0.00474457 -4.8222e-05
597 -0.432244 8.69232e-06 -0.00017107 -1.82009e-08 -0.0045309 -4.28702e-05
598 -0.392644 8.96549e-06 -0.000180273 -1.74833e-08 -0.00430068 -3.73607e-05
599 -0.351617 9.21969e-06 -0.000189155 -1.67033e-08 -0.00405479 -3.17131e-05
600 -0.309307 9.45314e-06 -0.000197673 -1.58626e-08 -0.00379414 -2.59524e-05
601 -0.265864 9.66389e-06 -0.000205782 -1.49644e-08 -0.00351968 -2.01066e-05
602 -0.221446 9.84999e-06 -0.000213429 -1.40133e-08 -0.0032324 -1.42018e-05
603 -0.176211 1.00096e-05 -0.000220557 -1.30152e-08 -0.0029334 -8.25822e-06
604 -0.130323 1.01409e-05 -0.000227108 -1.19768e-08 -0.00262378 -2.2913e-06
605 -0.0839442 1.02426e-05 -0.000233024 -1.09048e-08 -0.00230473 3.6838e-06
606 -0.0372379 1.03135e-05 -0.000238253 -9.80492e-09 -0.00197741 9.64771e-06
607 0.00962794 1.0353e-05 -0.00024275 -8.68157e-09 -0.00164303 1.55757e-05
608 0.0564823 1.03602e-05 -0.000246479 -7.53737e-09 -0.00130278 2.14403e-05
609 0.103152 1.03349e-05 -0.00024941 -6.37355e-09 -0.00095788 2.72166e-05
610 0.149461 1.02762e-05 -0.00025152 -5.19069e-09 -0.000609569 3.28846e-05
611 0.195237 1.01836e-05 -0.000252791 -3.98962e-09 -0.000259089 3.8428e-05
612 0.240308 1.00561e-05 -0.0002532 -2.77247e-09 9.23085e-05 4.38313e-05
613 0.284503 9.89285e-06 -0.000252727 -1.54337e-09 0.000443379 4.90759e-05
614 0.327654 9.69307e-06 -0.000251344 -3.08745e-10 0.000792876 5.41404e-05
615 0.369597 9.45616e-06 -0.000249024 9.23123e-10 0.00113954 5.90031e-05
616 0.410174 9.1819e-06 -0.000245739 2.14303e-09 0.00148212 6.36447e-05
617 0.449236 8.87049e-06 -0.000241466 3.34226e-09 0.00181934 6.80502e-05
618 0.486642 8.52256e-06 -0.000236189 4.51392e-09 0.00214993 7.22063e-05
619 0.522259 8.13908e-06 -0.000229904 5.65385e-09 0.00247266 7.61e-05
620 0.555965 7.72125e-06 -0.000222619 6.76077e-09 0.00278633 7.97169e-05
621 0.587639 7.27035e-06 -0.000214353 7.83551e-09 0.00308976 8.30432e-05
622 0.617172 6.78762e-06 -0.000205132 8.87957e-09 0.00338182 8.60672e-05
623 0.644461 6.27426e-06 -0.000194988 9.89338e-09 0.00366141 8.87806e-05
624 0.669411 5.73142e-06 -0.000183952 1.08749e-08 0.0039275 9.11762e-05
625 0.691934 5.16029e-06 -0.000172056 1.18188e-08 0.00417913 9.32453e-05
626 0.71195 4.5623e-06 -0.000159329 1.27171e-08 0.0044154 9.49762e-05
627 0.729379 3.93918e-06 -0.000145801 1.35603e-08 0.00463551 9.63563e-05
628 0.74415 3.29307e-06 -0.000131502 1.4339e-08 0.0048387 9.73761e-05
629 0.756199 2.62653e-06 -0.000116466 1.50467e-08 0.00502426 9.80329e-05
630 0.765476 1.94244e-06 -0.000100737 1.56805e-08 0.00519153 9.83302e-05
631 0.771942 1.24391e-06 -8.4364e-05 1.62415e-08 0.0053399 9.82745e-05
632 0.775572 5.34098e-07 -6.74025e-05 1.6734e-08 0.00546884 9.78695e-05
633 0.776351 -1.83944e-07 -4.99127e-05 1.71631e-08 0.00557788 9.71148e-05
634 0.774277 -9.07346e-07 -3.19549e-05 1.7532e-08 0.00566661 9.60066e-05
635 0.769359 -1.63347e-06 -1.35868e-05 1.78403e-08 0.0057347 9.45435e-05
636 0.761616 -2.35983e-06 5.13856e-06 1.80832e-08 0.00578186 9.27297e-05
637 0.751082 -3.08396e-06 2.4173e-05 1.82517e-08 0.00580787 9.05763e-05
638 0.737804 -3.80319e-06 4.34718e-05 1.83353e-08 0.00581259 8.80983e-05
639 0.721839 -4.51433e-06 6.29911e-05 1.83246e-08 0.00579599 8.53097e-05
640 0.703251 -5.2135e-06 8.26843e-05 1.82137e-08 0.00575813 8.22211e-05
641 0.68211 -5.89587e-06 0.0001025 1.80017e-08 0.00569918 7.88397e-05
642 0.658491 -6.55562e-06 0.000122378 1.7692e-08 0.0056194 7.51721e-05
643 0.632472 -7.18584e-06 0.000142253 1.729e-08 0.0055191 7.1227e-05
644 0.604141 -7.77856e-06 0.00016205 1.68e-08 0.00539868 6.70163e-05
645 0.573595 -8.32467e-06 0.00018169 1.62221e-08 0.0052586 6.25556e-05
646 0.540939 -8.81366e-06 0.000201088 1.55498e-08 0.00509938 5.7863e-05
647 0.50629 -9.23327e-06 0.000220159 1.47696e-08 0.0049216 5.29586e-05
648 0.469773 -9.56889e-06 0.000238818 1.38624e-08 0.00472591 4.78642e-05
649 0.431524 -9.80293e-06 0.000256978 1.28058e-08 0.00451301 4.2602e-05
650 0.391686 -9.91413e-06 0.000274557 1.15763e-08 0.00428365 3.71934e-05
651 0.350409 -9.87709e-06 0.000291477 1.01508e-08 0.00403864 3.16574e-05
652 0.307848 -9.6621e-06 0.000307664 8.50577e-09 0.00377884 2.60107e-05
653 0.264162 -9.23526e-06 0.000323052 6.61512e-09 0.00350519 2.02696e-05
654 0.219513 -8.55898e-06 0.000337582 4.44692e-09 0.00321866 1.44527e-05
655 0.174064 -7.59269e-06 0.000351202 1.96053e-09 0.00292029 8.58225e-06
656 0.127982 -6.29374e-06 0.000363868 -8.9451e-10 0.00261116 2.68263e-06
657 0.0814351 -4.61841e-06 0.00037554 -4.17706e-09 0.00229243 -3.22204e-06
658 0.0345889 -2.523e-06 0.000386184 -7.95041e-09 0.00196529 -9.11044e-06
659 -0.0123902 3.48514e-08 0.000395764 -1.22767e-08 0.00163095 -1.49638e-05
660 -0.0593373 3.09452e-06 0.000404246 -1.72108e-08 0.00129067 -2.07634e-05
661 -0.106087 6.69039e-06 0.000411592 -2.27958e-08 0.000945689 -2.64877e-05
662 -0.152474 1.08495e-05 0.000417767 -2.90593e-08 0.000597242 -3.21115e-05
663 -0.198328 1.55888e-05 0.000422731 -3.60133e-08 0.000246568 -3.76084e-05
664 -0.243481 2.09134e-05 0.00042645 -4.36536e-08 -0.000105095 -4.29548e-05
665 -0.287764 2.6814e-05 0.000428888 -5.19605e-08 -0.0004565 -4.81322e-05
666 -0.331013 3.32668e-05 0.000430018 -6.08988e-08 -0.000806392 -5.31266e-05
667 -0.373068 4.02333e-05 0.000429814 -7.04157e-08 -0.00115351 -5.79245e-05
668 -0.413775 4.7662e-05 0.000428257 -8.04395e-08 -0.0014966 -6.25098e-05
669 -0.452985 5.54904e-05 0.000425332 -9.08778e-08 -0.00183443 -6.68631e-05
670 -0.490556 6.36477e-05 0.000421031 -1.01619e-07 -0.00216574 -7.09635e-05
671 -0.526354 7.20577e-05 0.00041535 -1.12535e-07 -0.00248933 -7.47921e-05
672 -0.560252 8.06409e-05 0.000408292 -1.23488e-07 -0.002804 -7.83348e-05
673 -0.592132 8.93171e-05 0.000399868 -1.34339e-07 -0.00310859 -8.15808e-05
674 -0.621885 9.80067e-05 0.000390096 -1.44957e-07 -0.00340199 -8.45204e-05
675 -0.649405 0.000106632 0.000379001 -1.55222e-07 -0.00368315 -8.71421e-05
676 -0.674591 0.000115118 0.000366617 -1.65026e-07 -0.00395108 -8.94331e-05
677 -0.697349 0.000123393 0.000352979 -1.74275e-07 -0.00420484 -9.13808e-05
678 -0.717592 0.000131388 0.000338128 -1.82882e-07 -0.00444353 -9.29766e-05
679 -0.73524 0.000139035 0.000322104 -1.9076e-07 -0.00466628 -9.42167e-05
680 -0.750227 0.000146267 0.000304951 -1.9782e-07 -0.00487228 -9.5102e-05
681 -0.7625 0.000153014 0.000286712 -2.03968e-07 -0.00506077 -9.56355e-05
682 -0.772014 0.000159204 0.00026744 -2.09107e-07 -0.00523103 -9.58184e-05
683 -0.778739 0.000164761 0.000247197 -2.13139e-07 -0.00538243 -9.56492e-05
684 -0.78265 0.000169608 0.00022606 -2.15972e-07 -0.00551442 -9.5123e-05
685 -0.783732 0.000173664 0.000204126 -2.17519e-07 -0.00562652 -9.42344e-05
686 -0.781979 0.000176855 0.000181507 -2.17701e-07 -0.00571833 -9.29812e-05
687 -0.777391 0.000179109 0.000158326 -2.16448e-07 -0.00578953 -9.13678e-05
688 -0.769982 0.000180363 0.000134718 -2.13695e-07 -0.00583983 -8.94066e-05
689 -0.759776 0.000180565 0.000110813 -2.09384e-07 -0.00586903 -8.71149e-05
690 -0.746812 0.00017967 8.6738e-05 -2.03466e-07 -0.005877 -8.45106e-05
691 -0.731137 0.000177643 6.26139e-05 -1.95903e-07 -0.00586368 -8.16056e-05
692 -0.71281 0.000174451 3.85546e-05 -1.86669e-07 -0.0058291 -7.84039e-05
693 -0.691897 0.000170069 1.46737e-05 -1.75759e-07 -0.00577339 -7.49045e-05
694 -0.668467 0.000164473 -8.90892e-06 -1.6318e-07 -0.00569674 -7.11093e-05
695 -0.6426 0.000157642 -3.20631e-05 -1.48959e-07 -0.00559943 -6.70299e-05
696 -0.614386 0.000149558 -5.46462e-05 -1.33128e-07 -0.0054818 -6.26906e-05
697 -0.583927 0.000140211 -7.65064e-05 -1.15724e-07 -0.00534424 -5.81227e-05
698 -0.551336 0.000129597 -9.74899e-05 -9.67821e-08 -0.00518721 -5.33558e-05
699 -0.516735 0.000117721 -0.00011745 -7.6337e-08 -0.00501128 -4.8409e-05
700 -0.480251 0.000104598 -0.000136257 -5.4425e-08 -0.00481709 -4.32906e-05
701 -0.442014 9.02511e-05 -0.000153802 -3.10913e-08 -0.00460533 -3.80043e-05
702 -0.402159 7.47161e-05 -0.000169997 -6.398e-09 -0.00437679 -3.256e-05
703 -0.360825 5.80356e-05 -0.000184775 1.95715e-08 -0.00413227 -2.69804e-05
704 -0.318164 4.02606e-05 -0.000198078 4.67118e-08 -0.00387264 -2.1299e-05
705 -0.274331 2.14486e-05 -0.000209857 7.49007e-08 -0.00359881 -1.55519e-05
706 -0.22949 1.66233e-06 -0.000220063 1.04008e-07 -0.00331178 -9.76776e-06
