0 0 0 0 0 0 0
1 0 0 0 0 0 0
2 0 0 0 0 0 0
3 0 0 0 0 0 0
4 0 0 0 0 0 0
5 0 0 0 0 0 0
6 0 0 0 0 0 0
7 0 0 0 0 0 0
8 0 0 0 0 0 0
9 0 0 0 0 0 0
10 0 0 0 0 0 0
11 0 0 0 0 0 0
12 0 0 0 0 0 0
13 0 0 0 0 0 0
14 0 0 0 0 0 0
15 0 0 0 0 0 0
16 0 0 0 0 0 0
17 0 0 0 0 0 0
18 0 0 0 0 0 0
19 0 0 0 0 0 0
20 0 0 0 0 0 0
21 0 0 0 0 0 0
22 0 0 0 0 0 0
23 0 0 0 0 0 0
24 0 0 0 0 0 0
25 0 0 0 0 0 0
26 0 0 0 0 0 0
27 0 0 0 0 0 0
28 0 0 0 0 0 0
29 0 0 0 0 0 0
30 0 0 0 0 0 0
31 0 0 0 0 0 0
32 0 0 0 0 0 0
33 0 0 0 0 0 0
34 0 0 0 0 0 0
35 0 0 0 0 0 0
36 0 0 0 0 0 0
37 0 0 0 0 0 0
38 0 0 0 0 0 0
39 0 0 0 0 0 0
40 0 0 0 0 0 0
41 0 0 0 0 0 0
42 0 0 0 0 0 0
43 0 0 0 0 0 0
44 0 0 0 0 0 0
45 0 0 0 0 0 0
46 0 0 0 0 0 0
47 0 0 0 0 0 0
48 0 0 0 0 0 0
49 0 0 0 0 0 0
50 0 0 0 0 0 0
51 0 0 0 0 0 0
52 0 0 0 0 0 0
53 0 0 0 0 0 0
54 0 0 0 0 0 0
55 0 0 0 0 0 0
56 0 0 0 0 0 0
57 0 0 0 0 0 0
58 0 0 0 0 0 0
59 0 0 0 0 0 0
60 0 0 0 0 0 0
61 0 0 0 0 0 0
62 0 0 0 0 0 0
63 0 0 0 0 0 0
64 0 0 0 0 0 0
65 0 0 0 0 0 0
66 0 0 0 0 0 0
67 0 0 0 0 0 0
68 0 0 0 0 0 0
69 0 0 0 0 0 0
70 -2.41388e-37 8.86668e-43 0 0 0 0
71 -2.3252e-35 8.54092e-41 0 -1.35884e-45 -3.69934e-40 0
72 -1.12006e-33 4.11421e-39 0 -1.31798e-43 -3.58809e-38 0
73 -3.59712e-32 1.3213e-37 0 -6.39271e-42 -1.74036e-36 0
74 -8.66374e-31 3.18237e-36 0 -2.06725e-40 -5.62791e-35 0
75 -1.66908e-29 6.13086e-35 0 -5.01346e-39 -1.36487e-33 0
76 -2.67884e-28 9.83993e-34 0 -9.72531e-38 -2.64764e-32 0
77 -3.68387e-27 1.35316e-32 0 -1.5717e-36 -4.27884e-31 0
78 -4.4305e-26 1.62741e-31 0 -2.17634e-35 -5.92491e-30 0
79 -4.73351e-25 1.73872e-30 0 -2.63559e-34 -7.17517e-29 0
80 -4.54819e-24 1.67064e-29 0 -2.83539e-33 -7.71911e-28 0
81 -3.96946e-23 1.45807e-28 0 -2.74332e-32 -7.46847e-27 0
82 -3.17259e-22 1.16536e-27 0 -2.41093e-31 -6.56355e-26 0
83 -2.33807e-21 8.58821e-27 0 -1.94037e-30 -5.28251e-25 0
84 -1.59803e-20 5.86989e-26 0 -1.43997e-29 -3.92021e-24 0
85 -1.01803e-19 3.73943e-25 0 -9.91093e-29 -2.69817e-23 0
86 -6.07101e-19 2.23001e-24 0 -6.35815e-28 -1.73095e-22 0
87 -3.40195e-18 1.24961e-23 0 -3.81839e-27 -1.03953e-21 0
88 -1.79724e-17 6.60163e-23 0 -2.1548e-26 -5.86626e-21 0
89 -8.97793e-17 3.29778e-22 0 -1.14645e-25 -3.12111e-20 0
90 -4.25187e-16 1.5618e-21 0 -5.76772e-25 -1.57022e-19 0
91 -1.91354e-15 7.02884e-21 0 -2.75106e-24 -7.48955e-19 0
92 -8.2011e-15 3.01243e-20 0 -1.247e-23 -3.39485e-18 0
93 -3.35359e-14 1.23184e-19 0 -5.38294e-23 -1.46546e-17 0
94 -1.3107e-13 4.81449e-19 0 -2.21714e-22 -6.03598e-17 0
95 -4.90386e-13 1.80129e-18 0 -8.7285e-22 -2.37626e-16 0
96 -1.75886e-12 6.46064e-18 0 -3.28959e-21 -8.95564e-16 0
97 -6.05549e-12 2.22431e-17 0 -1.18856e-20 -3.23577e-15 0
98 -2.0036e-11 7.35965e-17 0 -4.12239e-20 -1.12229e-14 0
99 -6.3781e-11 2.34281e-16 0 -1.37417e-19 -3.74107e-14 0
100 -1.95533e-10 7.18234e-16 0 -4.4073e-19 -1.19985e-13 0
101 -5.77826e-10 2.12247e-15 0 -1.36137e-18 -3.70623e-13 0
102 -1.64734e-09 6.05103e-15 0 -4.05373e-18 -1.1036e-12 0
103 -4.53434e-09 1.66555e-14 0 -1.16458e-17 -3.17047e-12 0
104 -1.20584e-08 4.42931e-14 0 -3.23039e-17 -8.79448e-12 0
105 -3.10024e-08 1.13878e-13 0 -8.65802e-17 -2.35707e-11 0
106 -7.71046e-08 2.83221e-13 0 -2.24357e-16 -6.10794e-11 0
107 -1.856e-07 6.81747e-13 0 -5.62438e-16 -1.53119e-10 0
108 -4.32613e-07 1.58908e-12 0 -1.36476e-15 -3.71546e-10 0
109 -9.76873e-07 3.58825e-12 0 -3.20701e-15 -8.73083e-10 0
110 -2.1378e-06 7.85256e-12 0 -7.30127e-15 -1.98771e-09 0
111 -4.53567e-06 1.66605e-11 0 -1.61111e-14 -4.38611e-09 0
112 -9.3327e-06 3.42809e-11 0 -3.447e-14 -9.38416e-09 0
113 -1.8629e-05 6.84283e-11 0 -7.153e-14 -1.94735e-08 0
114 -3.60834e-05 1.32542e-10 0 -1.44012e-13 -3.9206e-08 0
115 -6.78367e-05 2.49178e-10 0 -2.81375e-13 -7.6602e-08 0
116 -0.000123811 4.54782e-10 0 -5.33652e-13 -1.45282e-07 0
117 -0.000219422 8.05982e-10 0 -9.8268e-13 -2.67527e-07 0
118 -0.000377674 1.38728e-09 0 -1.75727e-12 -4.78403e-07 0
119 -0.000631478 2.31955e-09 0 -3.05228e-12 -8.30957e-07 0
120 -0.00102588 3.76825e-09 0 -5.15053e-12 -1.40219e-06 0
121 -0.00161968 5.94942e-09 0 -8.44522e-12 -2.29914e-06 0
122 -0.00248588 9.13113e-09 0 -1.34585e-11 -3.66396e-06 0
123 -0.00371011 1.3628e-08 0 -2.08505e-11 -5.67638e-06 0
124 -0.00538675 1.97867e-08 0 -3.14125e-11 -8.55178e-06 0
125 -0.00761235 2.79617e-08 0 -4.60374e-11 -1.25333e-05 0
126 -0.010477 3.84841e-08 0 -6.5666e-11 -1.7877e-05 0
127 -0.0140548 5.16263e-08 0 -9.12098e-11 -2.48311e-05 0
128 -0.0183956 6.75708e-08 0 -1.2346e-10 -3.3611e-05 0
129 -0.0235191 8.63905e-08 0 -1.62999e-10 -4.43752e-05 0
130 -0.0294149 1.08047e-07 0 -2.10135e-10 -5.72074e-05 0
131 -0.0360472 1.32409e-07 0 -2.64874e-10 -7.21098e-05 0
132 -0.0433644 1.59287e-07 0 -3.26954e-10 -8.90104e-05 0
133 -0.0513113 1.88477e-07 0 -3.95916e-10 -0.000107785 0
134 -0.0598381 2.19797e-07 0 -4.7122e-10 -0.000128286 0
135 -0.0689057 2.53105e-07 0 -5.52349e-10 -0.000150372 0
136 -0.0784833 2.88285e-07 0 -6.38875e-10 -0.000173929 0
137 -0.0885398 3.25225e-07 -2.24895e-23 -7.30472e-10 -0.000198865 0
138 -0.0990324 3.63766e-07 -8.99581e-23 -8.26846e-10 -0.000225102 0
139 -0.109898 4.03677e-07 2.52611e-17 -9.27637e-10 -0.000252542 -1.21697e-24
140 -0.12105 4.44643e-07 3.93691e-17 -1.03231e-09 -0.000281039 4.46596e-20
141 -0.132388 4.86287e-07 8.44751e-17 -1.14013e-09 -0.00031039 1.31396e-19
142 -0.143802 5.28214e-07 2.10054e-16 -1.25013e-09 -0.000340336 2.1579e-19
143 -0.155194 5.70058e-07 4.92287e-16 -1.36127e-09 -0.000370595 7.45583e-19
144 -0.166476 6.11501e-07 1.11128e-15 -1.47254e-09 -0.000400888 1.76006e-18
145 -0.177574 6.52267e-07 2.45689e-15 -1.58304e-09 -0.000430969 3.77914e-18
146 -0.188415 6.92086e-07 5.12198e-15 -1.69199e-09 -0.00046063 8.27978e-18
147 -0.198914 7.30652e-07 1.01404e-14 -1.79868e-09 -0.000489677 1.74023e-17
148 -0.208972 7.67597e-07 1.9397e-14 -1.90236e-09 -0.000517901 3.46928e-17
149 -0.218476 8.02506e-07 3.55913e-14 -2.00211e-09 -0.000545058 6.64168e-17
150 -0.22731 8.34957e-07 6.27331e-14 -2.09688e-09 -0.000570859 1.22691e-16
151 -0.23537 8.64564e-07 1.0653e-13 -2.18555e-09 -0.000594997 2.17313e-16
152 -0.24257 8.91009e-07 1.73862e-13 -2.26702e-09 -0.000617179 3.70851e-16
153 -0.248836 9.14027e-07 2.73349e-13 -2.34039e-09 -0.000637153 6.08605e-16
154 -0.254101 9.33367e-07 4.14534e-13 -2.4049e-09 -0.000654714 9.62604e-16
155 -0.25829 9.48753e-07 6.06764e-13 -2.45988e-09 -0.000669682 1.46859e-15
156 -0.261316 9.59868e-07 8.58631e-13 -2.50464e-09 -0.000681869 2.16279e-15
157 -0.263089 9.66381e-07 1.17685e-12 -2.53839e-09 -0.000691057 3.08022e-15
158 -0.263527 9.6799e-07 1.56567e-12 -2.56026e-09 -0.00069701 4.25019e-15
159 -0.262568 9.64466e-07 2.02689e-12 -2.5694e-09 -0.000699497 5.6926e-15
160 -0.260169 9.55654e-07 2.56028e-12 -2.56511e-09 -0.000698329 7.42031e-15
161 -0.256299 9.4144e-07 3.16476e-12 -2.5469e-09 -0.000693373 9.43831e-15
162 -0.250927 9.21707e-07 3.83944e-12 -2.51445e-09 -0.000684538 1.17474e-14
163 -0.244014 8.96312e-07 4.58299e-12 -2.46746e-09 -0.000671746 1.43486e-14
164 -0.235518 8.65105e-07 5.39507e-12 -2.4056e-09 -0.000654904 1.72426e-14
165 -0.225408 8.27971e-07 6.27342e-12 -2.32846e-09 -0.000633904 2.04323e-14
166 -0.213676 7.84874e-07 7.215e-12 -2.23569e-09 -0.000608649 2.39145e-14
167 -0.200331 7.35857e-07 8.21375e-12 -2.12711e-09 -0.000579087 2.76827e-14
168 -0.185399 6.81009e-07 9.26195e-12 -2.00273e-09 -0.000545227 3.17214e-14
169 -0.168905 6.20424e-07 1.03518e-11 -1.86277e-09 -0.000507124 3.60066e-14
170 -0.150869 5.54172e-07 1.14751e-11 -1.70749e-09 -0.000464851 4.05132e-14
171 -0.13131 4.82329e-07 1.26243e-11 -1.53712e-09 -0.000418467 4.52146e-14
172 -0.110263 4.0502e-07 1.37919e-11 -1.35183e-09 -0.000368025 5.00852e-14
173 -0.0877847 3.22451e-07 1.49694e-11 -1.1519e-09 -0.000313596 5.50994e-14
174 -0.0639497 2.34901e-07 1.61461e-11 -9.37781e-10 -0.000255303 6.02281e-14
175 -0.0388435 1.4268e-07 1.73105e-11 -7.10135e-10 -0.000193329 6.54339e-14
176 -0.012548 4.60913e-08 1.84498e-11 -4.69777e-10 -0.000127893 7.06743e-14
177 0.0148594 -5.45816e-08 1.95524e-11 -2.17537e-10 -5.92226e-05 7.59028e-14
178 0.0432967 -1.59038e-07 2.06076e-11 4.58085e-11 1.2471e-05 8.10747e-14
179 0.0726656 -2.66916e-07 2.16052e-11 3.19487e-10 8.69777e-05 8.61474e-14
180 0.102847 -3.77779e-07 2.25338e-11 6.02619e-10 0.000164058 9.10802e-14
181 0.133709 -4.91141e-07 2.33815e-11 8.94129e-10 0.000243419 9.58278e-14
182 0.16512 -6.06518e-07 2.41359e-11 1.19277e-09 0.000324722 1.00343e-13
183 0.196953 -7.2345e-07 2.47851e-11 1.49723e-09 0.000407608 1.04575e-13
184 0.229088 -8.41488e-07 2.5319e-11 1.80625e-09 0.000491736 1.08474e-13
185 0.261394 -9.60153e-07 2.57283e-11 2.11862e-09 0.000576778 1.11995e-13
186 0.293723 -1.0789e-06 2.60047e-11 2.43314e-09 0.000662403 1.15097e-13
187 0.325914 -1.19715e-06 2.61385e-11 2.74843e-09 0.000748239 1.17742e-13
188 0.357806 -1.3143e-06 2.61201e-11 3.06299e-09 0.000833873 1.19888e-13
189 0.389247 -1.42978e-06 2.59406e-11 3.3752e-09 0.000918872 1.21494e-13
190 0.420093 -1.54309e-06 2.55915e-11 3.68355e-09 0.00100282 1.22534e-13
191 0.450199 -1.65367e-06 2.50624e-11 3.98658e-09 0.00108531 1.2301e-13
192 0.479411 -1.76098e-06 2.43346e-11 4.28292e-09 0.00116599 1.23005e-13
193 0.507563 -1.86439e-06 2.33597e-11 4.5711e-09 0.00124445 1.22815e-13
194 0.53449 -1.96329e-06 2.20109e-11 4.84957e-09 0.00132025 1.23299e-13
195 0.560037 -2.05713e-06 1.99537e-11 5.11668e-09 0.00139297 1.26806e-13
196 0.584066 -2.1454e-06 1.63155e-11 5.37087e-09 0.00146218 1.39496e-13
197 0.606442 -2.2276e-06 8.87297e-12 5.61073e-09 0.00152748 1.76981e-13
198 0.627029 -2.30325e-06 -7.89613e-12 5.83496e-09 0.00158852 2.77645e-13
199 0.645681 -2.37182e-06 -4.73126e-11 6.04224e-09 0.00164494 5.33105e-13
200 0.662256 -2.43285e-06 -1.40632e-10 6.23121e-09 0.00169638 1.15593e-12
201 0.676628 -2.48597e-06 -3.59165e-10 6.40051e-09 0.00174244 2.62552e-12
202 0.688688 -2.53103e-06 -8.61159e-10 6.54889e-09 0.00178277 5.99313e-12
203 0.69834 -2.56818e-06 -1.98824e-09 6.67541e-09 0.00181706 1.35003e-11
204 0.705486 -2.59811e-06 -4.45788e-09 6.77948e-09 0.00184505 2.97943e-11
205 0.710029 -2.62259e-06 -9.73605e-09 6.86096e-09 0.00186648 6.42451e-11
206 0.711875 -2.64543e-06 -2.07368e-08 6.92055e-09 0.0018811 1.35221e-10
207 0.710949 -2.67431e-06 -4.3095e-08 6.96052e-09 0.00188865 2.77732e-10
208 0.707198 -2.72376e-06 -8.74094e-08 6.98625e-09 0.00188891 5.56646e-10
209 0.700585 -2.82021e-06 -1.73067e-07 7.00876e-09 0.00188171 1.08877e-09
210 0.691075 -3.01003e-06 -3.34549e-07 7.04877e-09 0.00186695 2.07845e-09
211 0.678634 -3.37223e-06 -6.31464e-07 7.1433e-09 0.00184453 3.87296e-09
212 0.663238 -4.03738e-06 -1.16393e-06 7.35624e-09 0.00181436 7.04512e-09
213 0.644881 -5.21485e-06 -2.09528e-06 7.79441e-09 0.00177637 1.25118e-08
214 0.623583 -7.23009e-06 -3.6841e-06 8.63106e-09 0.00173051 2.16958e-08
215 0.599382 -1.05731e-05 -6.32756e-06 1.01385e-08 0.00167682 3.67365e-08
216 0.572318 -1.59578e-05 -1.06168e-05 1.27314e-08 0.00161536 6.0747e-08
217 0.542437 -2.43904e-05 -1.74036e-05 1.70202e-08 0.00154624 9.81065e-08
218 0.509801 -3.72396e-05 -2.78751e-05 2.38744e-08 0.00146959 1.54762e-07
219 0.474496 -5.63001e-05 -4.36286e-05 3.44893e-08 0.00138552 2.38493e-07
220 0.436643 -8.38354e-05 -6.67355e-05 5.04486e-08 0.00129424 3.59088e-07
221 0.396389 -0.000122584 -9.9779e-05 7.37699e-08 0.001196 5.28346e-07
222 0.353897 -0.000175712 -0.000145848 1.06916e-07 0.00109115 7.59856e-07
223 0.309355 -0.000246702 -0.000208468 1.52756e-07 0.000980093 1.06848e-06
224 0.262977 -0.000339178 -0.000291464 2.14463e-07 0.000863282 1.46955e-06
225 0.21502 -0.000456666 -0.000398747 2.95338e-07 0.000741228 1.97782e-06
226 0.165772 -0.000602334 -0.000534043 3.98572e-07 0.000614543 2.60625e-06
227 0.115531 -0.000778736 -0.00070059 5.26962e-07 0.000483937 3.36494e-06
228 0.064588 -0.000987612 -0.000900862 6.82626e-07 0.000350184 4.26015e-06
229 0.013209 -0.00122979 -0.00113635 8.66763e-07 0.000214063 5.29395e-06
230 -0.0383646 -0.0015052 -0.00140747 1.07951e-06 7.63066e-05 6.46429e-06
231 -0.089914 -0.00181305 -0.00171361 1.31995e-06 -6.24178e-05 7.76568e-06
232 -0.141245 -0.00215203 -0.00205331 1.58626e-06 -0.000201501 9.1903e-06
233 -0.192187 -0.00252056 -0.00242454 1.87598e-06 -0.000340389 1.07291e-05
234 -0.242587 -0.00291701 -0.00282502 2.18635e-06 -0.000478589 1.23727e-05
235 -0.292284 -0.00333977 -0.00325246 2.51463e-06 -0.000615659 1.41121e-05
236 -0.34109 -0.00378719 -0.00370467 2.85833e-06 -0.000751171 1.59381e-05
237 -0.388784 -0.00425743 -0.00417953 3.21518e-06 -0.000884646 1.7841e-05
238 -0.435127 -0.00474825 -0.00467482 3.58303e-06 -0.00101552 1.98094e-05
239 -0.479892 -0.00525684 -0.00518798 3.95958e-06 -0.00114314 2.183e-05
240 -0.522893 -0.00577982 -0.00571589 4.34212e-06 -0.00126688 2.38869e-05
241 -0.563984 -0.00631337 -0.00625483 4.72731e-06 -0.00138615 2.59623e-05
242 -0.603044 -0.00685343 -0.00680057 5.11125e-06 -0.0015005 2.80375e-05
243 -0.639963 -0.00739593 -0.00734852 5.48962e-06 -0.00160956 3.00942e-05
244 -0.674623 -0.007937 -0.0078941 5.858e-06 -0.001713 3.21144e-05
245 -0.706896 -0.00847288 -0.00843283 6.21219e-06 -0.00181049 3.40812e-05
246 -0.736642 -0.00899982 -0.00896048 6.54835e-06 -0.00190168 3.59778e-05
247 -0.763719 -0.00951386 -0.00947292 6.86299e-06 -0.00198617 3.77872e-05
248 -0.787998 -0.0100107 -0.009966 7.15284e-06 -0.00206356 3.9491e-05
249 -0.809379 -0.0104858 -0.0104354 7.41454e-06 -0.00213346 4.10701e-05
250 -0.827803 -0.0109345 -0.0108765 7.6446e-06 -0.00219554 4.25051e-05
251 -0.843247 -0.0113523 -0.0112847 7.83934e-06 -0.00224957 4.37776e-05
252 -0.855693 -0.0117349 -0.0116556 7.99512e-06 -0.00229542 4.48709e-05
253 -0.865099 -0.0120787 -0.0119848 8.10858e-06 -0.00233302 4.57702e-05
254 -0.871401 -0.0123801 -0.0122684 8.1768e-06 -0.00236227 4.64617e-05
255 -0.874529 -0.0126357 -0.012503 8.19732e-06 -0.00238301 4.6932e-05
256 -0.87445 -0.0128416 -0.0126849 8.16795e-06 -0.00239502 4.71673e-05
257 -0.871184 -0.0129941 -0.0128107 8.08662e-06 -0.00239814 4.71533e-05
258 -0.864788 -0.0130894 -0.0128769 7.95126e-06 -0.00239235 4.68765e-05
259 -0.855324 -0.013124 -0.0128801 7.75987e-06 -0.00237773 4.63251e-05
260 -0.84283 -0.013095 -0.0128174 7.51078e-06 -0.00235445 4.54901e-05
261 -0.827325 -0.0130003 -0.0126865 7.20293e-06 -0.00232264 4.43653e-05
262 -0.808833 -0.0128381 -0.0124856 6.83589e-06 -0.00228235 4.29467e-05
263 -0.787405 -0.0126065 -0.0122133 6.40976e-06 -0.00223362 4.12308e-05
264 -0.763136 -0.012304 -0.0118686 5.92487e-06 -0.00217655 3.92141e-05
265 -0.736145 -0.0119289 -0.0114503 5.38155e-06 -0.00211134 3.68939e-05
266 -0.706556 -0.0114798 -0.0109572 4.78004e-06 -0.00203828 3.42683e-05
267 -0.674483 -0.0109559 -0.0103888 4.12077e-06 -0.0019577 3.13384e-05
268 -0.640029 -0.0103572 -0.00974491 3.40466e-06 -0.00186994 2.81081e-05
269 -0.603295 -0.00968433 -0.0090261 2.63342e-06 -0.00177527 2.45843e-05
270 -0.564398 -0.0089382 -0.00823369 1.80944e-06 -0.00167398 2.07756e-05
271 -0.523485 -0.00812002 -0.00736939 9.35558e-07 -0.00156638 1.66913e-05
272 -0.480732 -0.00723111 -0.0064351 1.46929e-08 -0.00145283 1.23416e-05
273 -0.436321 -0.00627317 -0.00543286 -9.50329e-07 -0.00133379 7.73789e-06
274 -0.390423 -0.00524839 -0.00436498 -1.95662e-06 -0.00120976 2.89368e-06
275 -0.343186 -0.00415954 -0.00323427 -3.00089e-06 -0.00108125 -2.17498e-06
276 -0.29475 -0.00300991 -0.00204417 -4.07914e-06 -0.00094869 -7.44998e-06
277 -0.245274 -0.00180301 -0.000798702 -5.18665e-06 -0.000812501 -1.2912e-05
278 -0.194951 -0.000542507 0.000497752 -6.31835e-06 -0.000673103 -1.85411e-05
279 -0.144001 0.000767782 0.00184065 -7.46915e-06 -0.000531001 -2.43169e-05
280 -0.0926341 0.00212363 0.00322534 -8.6342e-06 -0.00038679 -3.02175e-05
281 -0.0410278 0.0035202 0.00464686 -9.80875e-06 -0.000241088 -3.62189e-05
282 0.010669 0.00495202 0.00609977 -1.09877e-05 -9.44493e-05 -4.22948e-05
283 0.0622997 0.00641321 0.00757803 -1.21653e-05 5.26564e-05 -4.84176e-05
284 0.113672 0.00789774 0.0090752 -1.33353e-05 0.000199789 -5.45594e-05
285 0.164564 0.00939971 0.0105847 -1.44911e-05 0.000346444 -6.06927e-05
286 0.214759 0.0109132 0.0121002 -1.56268e-05 0.000492018 -6.67905e-05
287 0.264078 0.0124323 0.0136154 -1.67367e-05 0.000635869 -7.28252e-05
288 0.31238 0.0139504 0.0151241 -1.78157e-05 0.000777425 -7.87683e-05
289 0.359525 0.0154609 0.0166196 -1.88585e-05 0.000916222 -8.45894e-05
290 0.405343 0.0169565 0.0180947 -1.98592e-05 0.00105185 -9.02578e-05
291 0.449637 0.0184301 0.0195415 -2.08111e-05 0.00118386 -9.57424e-05
292 0.492218 0.0198744 0.0209525 -2.17076e-05 0.0013117 -0.000101013
293 0.532931 0.0212823 0.0223201 -2.25425e-05 0.0014348 -0.000106041
294 0.571664 0.0226467 0.0236375 -2.33102e-05 0.00155265 -0.000110796
295 0.608309 0.0239604 0.024898 -2.40062e-05 0.00166487 -0.00011525
296 0.642738 0.0252166 0.026095 -2.46259e-05 0.00177113 -0.000119375
297 0.674802 0.0264085 0.0272217 -2.51646e-05 0.00187108 -0.000123144
298 0.70436 0.0275298 0.0282712 -2.56173e-05 0.0019643 -0.000126533
299 0.731306 0.0285742 0.0292367 -2.59792e-05 0.00205036 -0.000129518
300 0.75557 0.029535 0.0301119 -2.62459e-05 0.0021289 -0.000132074
301 0.777093 0.0304059 0.0308907 -2.64134e-05 0.00219964 -0.000134179
302 0.795805 0.0311804 0.0315677 -2.64787e-05 0.00226239 -0.000135811
303 0.811622 0.0318528 0.0321374 -2.64388e-05 0.00231698 -0.000136949
304 0.824466 0.0324183 0.0325951 -2.62912e-05 0.00236314 -0.000137578
305 0.83429 0.0328725 0.032936 -2.60336e-05 0.00240065 -0.000137685
306 0.84108 0.0332113 0.0331561 -2.56645e-05 0.00242931 -0.000137257
307 0.844838 0.0334307 0.0332518 -2.51831e-05 0.00244902 -0.000136283
308 0.845558 0.0335263 0.03322 -2.45888e-05 0.00245977 -0.000134753
309 0.843229 0.0334943 0.0330576 -2.38812e-05 0.00246156 -0.000132658
310 0.837842 0.033332 0.0327623 -2.30603e-05 0.00245434 -0.000129994
311 0.829412 0.0330375 0.0323323 -2.21264e-05 0.00243809 -0.00012676
312 0.817987 0.0326096 0.0317665 -2.10807e-05 0.00241281 -0.000122957
313 0.803634 0.0320476 0.0310644 -1.99253e-05 0.00237859 -0.00011859
314 0.786416 0.0313508 0.0302264 -1.86629e-05 0.0023356 -0.000113662
315 0.766388 0.0305187 0.0292529 -1.72964e-05 0.00228404 -0.000108182
316 0.743604 0.0295518 0.0281448 -1.58286e-05 0.00222409 -0.000102159
317 0.71814 0.0284514 0.0269038 -1.4263e-05 0.00215589 -9.56095e-05
318 0.690103 0.0272205 0.0255327 -1.26041e-05 0.00207966 -8.85516e-05
319 0.659617 0.0258625 0.0240356 -1.08578e-05 0.00199567 -8.10084e-05
320 0.626806 0.0243819 0.0224174 -9.03092e-06 0.00190428 -7.30053e-05
321 0.591775 0.0227835 0.0206841 -7.13046e-06 0.00180587 -6.45713e-05
322 0.554628 0.0210733 0.0188421 -5.16366e-06 0.00170079 -5.57403e-05
323 0.515487 0.0192586 0.0168987 -3.13821e-06 0.00158939 -4.6553e-05
324 0.474505 0.0173485 0.0148628 -1.06319e-06 0.00147201 -3.70559e-05
325 0.431851 0.0153531 0.0127449 1.05046e-06 0.00134912 -2.72999e-05
326 0.387684 0.0132834 0.0105569 3.19029e-06 0.00122122 -1.73371e-05
327 0.342141 0.0111503 0.00831159 5.34346e-06 0.00108886 -7.21979e-06
328 0.295358 0.00896427 0.00602122 7.49787e-06 0.000952515 3.00124e-06
329 0.247495 0.00673568 0.00369736 9.64252e-06 0.000812628 1.32765e-05
330 0.198744 0.00447431 0.00135081 1.1767e-05 0.000669668 2.35585e-05
331 0.149306 0.00218957 -0.00100806 1.38611e-05 0.000524184 3.38029e-05
332 0.0993622 -0.000109595 -0.0033692 1.59149e-05 0.000376782 4.3969e-05
333 0.049072 -0.00241471 -0.00572315 1.79195e-05 0.000228047 5.40201e-05
334 -0.00140555 -0.00471752 -0.00806131 1.98679e-05 7.84913e-05 6.3921e-05
335 -0.0518839 -0.00700968 -0.0103759 2.17546e-05 -7.14154e-05 7.3636e-05
336 -0.102152 -0.00928241 -0.0126591 2.3574e-05 -0.000221164 8.31265e-05
337 -0.152006 -0.0115265 -0.0149026 2.53192e-05 -0.000370162 9.2352e-05
338 -0.201272 -0.0137322 -0.0170967 2.69815e-05 -0.000517785 0.000101271
339 -0.249805 -0.0158903 -0.0192312 2.85517e-05 -0.000663459 0.000109846
340 -0.297445 -0.0179918 -0.0212962 3.00219e-05 -0.000806703 0.000118041
341 -0.344007 -0.0200287 -0.0232834 3.13868e-05 -0.000947067 0.000125826
342 -0.389289 -0.0219942 -0.0251859 3.26426e-05 -0.00108405 0.000133175
343 -0.433111 -0.0238815 -0.0269979 3.37856e-05 -0.0012171 0.000140061
344 -0.475331 -0.0256845 -0.0287131 3.4811e-05 -0.00134564 0.00014646
345 -0.515828 -0.0273964 -0.0303252 3.57133e-05 -0.00146921 0.000152347
346 -0.55446 -0.0290102 -0.0318274 3.64884e-05 -0.00158744 0.000157699
347 -0.591065 -0.0305189 -0.0332138 3.71343e-05 -0.00169996 0.000162492
348 -0.625479 -0.0319161 -0.0344794 3.76505e-05 -0.00180633 0.000166708
349 -0.657577 -0.0331966 -0.0356199 3.80365e-05 -0.00190608 0.00017033
350 -0.687269 -0.034356 -0.0366312 3.82897e-05 -0.00199879 0.000173344
351 -0.714472 -0.0353909 -0.037509 3.84064e-05 -0.00208418 0.00017574
352 -0.739082 -0.0362981 -0.0382492 3.83836e-05 -0.002162 0.000177511
353 -0.760975 -0.0370742 -0.038849 3.82217e-05 -0.002232 0.000178651
354 -0.780054 -0.0377157 -0.0393067 3.79241e-05 -0.00229388 0.000179155
355 -0.796261 -0.0382192 -0.0396218 3.74949e-05 -0.00234734 0.000179019
356 -0.80957 -0.0385821 -0.039793 3.69363e-05 -0.00239215 0.000178238
357 -0.819947 -0.0388028 -0.0398191 3.62478e-05 -0.00242823 0.000176813
358 -0.827334 -0.0388808 -0.0396985 3.54279e-05 -0.0024555 0.000174749
359 -0.831675 -0.0388167 -0.0394308 3.44779e-05 -0.00247387 0.000172057
360 -0.832945 -0.0386115 -0.0390176 3.34028e-05 -0.00248319 0.000168751
361 -0.831164 -0.038266 -0.038462 3.22105e-05 -0.00248338 0.000164847
362 -0.826365 -0.037781 -0.0377674 3.09077e-05 -0.00247445 0.000160355
363 -0.818565 -0.0371575 -0.0369359 2.94987e-05 -0.00245652 0.000155288
364 -0.807766 -0.0363969 -0.0359691 2.79851e-05 -0.0024297 0.000149659
365 -0.793988 -0.035502 -0.0348688 2.63688e-05 -0.00239403 0.000143487
366 -0.77729 -0.0344767 -0.0336384 2.46551e-05 -0.00234957 0.000136799
367 -0.757761 -0.0333256 -0.0322832 2.28524e-05 -0.00229646 0.000129622
368 -0.735485 -0.0320534 -0.0308099 2.09704e-05 -0.00223496 0.000121986
369 -0.710527 -0.0306643 -0.0292249 1.90175e-05 -0.00216535 0.000113918
370 -0.682952 -0.0291629 -0.0275337 1.69996e-05 -0.0020879 0.000105444
371 -0.652855 -0.0275541 -0.0257414 1.4922e-05 -0.00200282 9.65908e-05
372 -0.620368 -0.0258437 -0.0238535 1.27907e-05 -0.00191037 8.73915e-05
373 -0.585632 -0.0240382 -0.0218769 1.0614e-05 -0.00181089 7.78811e-05
374 -0.548775 -0.0221447 -0.0198195 8.40145e-06 -0.00170482 6.80966e-05
375 -0.509904 -0.02017 -0.0176894 6.16227e-06 -0.00159259 5.80738e-05
376 -0.469145 -0.018121 -0.0154945 3.90443e-06 -0.00147459 4.78475e-05
377 -0.426653 -0.0160043 -0.0132422 1.63514e-06 -0.00135116 3.74524e-05
378 -0.382611 -0.0138275 -0.01094 -6.381e-07 -0.00122274 2.69251e-05
379 -0.337191 -0.0115988 -0.0085964 -2.90698e-06 -0.00108984 1.63052e-05
380 -0.290547 -0.00932722 -0.00622044 -5.16273e-06 -0.000953019 5.63429e-06
381 -0.242824 -0.00702172 -0.00382136 -7.3968e-06 -0.000812771 -5.04628e-06
382 -0.194188 -0.0046909 -0.00140813 -9.601e-06 -0.000669556 -1.5697e-05
383 -0.144838 -0.00234267 0.00101073 -1.17672e-05 -0.000523846 -2.62811e-05
384 -0.0949733 1.53868e-05 0.00342679 -1.38872e-05 -0.000376187 -3.67634e-05
385 -0.0447783 0.00237539 0.00583163 -1.59532e-05 -0.000227178 -4.71081e-05
386 0.00558437 0.00472872 0.00821668 -1.79583e-05 -7.73982e-05 -5.72776e-05
387 0.0559477 0.00706602 0.0105734 -1.98968e-05 7.26349e-05 -6.72321e-05
388 0.106122 0.00937784 0.012893 -2.17626e-05 0.000222431 -7.69316e-05
389 0.155904 0.0116552 0.0151664 -2.35478e-05 0.000371458 -8.63386e-05
390 0.2051 0.0138901 0.0173844 -2.52431e-05 0.000519129 -9.5419e-05
391 0.253543 0.0160748 0.019538 -2.68396e-05 0.000664849 -0.000104142
392 0.301074 0.0182019 0.0216194 -2.83316e-05 0.000808088 -0.000112477
393 0.347524 0.0202635 0.0236221 -2.97165e-05 0.000948374 -0.000120395
394 0.392708 0.0222518 0.0255405 -3.09932e-05 0.00108524 -0.000127866
395 0.436444 0.0241597 0.0273684 -3.21583e-05 0.00121817 -0.000134864
396 0.478573 0.0259808 0.0290985 -3.32052e-05 0.00134662 -0.000141362
397 0.518959 0.027709 0.0307224 -3.41256e-05 0.00147009 -0.000147338
398 0.557467 0.0293376 0.0322329 -3.49135e-05 0.00158816 -0.000152771
399 0.593951 0.0308596 0.0336242 -3.55678e-05 0.00170045 -0.000157638
400 0.628258 0.0322682 0.0348929 -3.60899e-05 0.00180656 -0.000161917
401 0.660257 0.0335583 0.036036 -3.64809e-05 0.00190607 -0.000165594
402 0.68984 0.0347265 0.0370498 -3.67383e-05 0.00199858 -0.000168658
403 0.716915 0.0357701 0.0379292 -3.68571e-05 0.00208373 -0.000171102
404 0.741388 0.0366862 0.0386697 -3.68343e-05 0.00216127 -0.00017292
405 0.763153 0.0374702 0.0392679 -3.66712e-05 0.00223095 -0.000174101
406 0.782117 0.0381174 0.0397228 -3.63723e-05 0.00229249 -0.000174638
407 0.798214 0.0386241 0.0400342 -3.59416e-05 0.00234563 -0.000174525
408 0.811401 0.0389892 0.040201 -3.53792e-05 0.00239014 -0.000173764
409 0.82164 0.0392131 0.0402216 -3.46823e-05 0.0024259 -0.000172362
410 0.828887 0.0392965 0.0400943 -3.38498e-05 0.00245282 -0.000170325
411 0.8331 0.0392392 0.0398192 -3.28858e-05 0.0024708 -0.000167662
412 0.834256 0.0390399 0.0393985 -3.17985e-05 0.00247974 -0.00016438
413 0.832362 0.0386978 0.0388355 -3.0596e-05 0.00247958 -0.000160486
414 0.827441 0.0382141 0.0381324 -2.92822e-05 0.00247031 -0.000155997
415 0.819511 0.0375914 0.0372907 -2.78575e-05 0.00245202 -0.000150931
416 0.808587 0.0368335 0.0363119 -2.63225e-05 0.0024248 -0.000145307
417 0.794698 0.0359434 0.0351992 -2.46831e-05 0.00238873 -0.000139147
418 0.777898 0.0349238 0.033958 -2.29494e-05 0.0023439 -0.00013247
419 0.758263 0.0337774 0.0325945 -2.1132e-05 0.00229046 -0.000125299
420 0.735874 0.0325079 0.0311137 -1.92375e-05 0.00222863 -0.000117661
421 0.710805 0.0311204 0.0295197 -1.72681e-05 0.00215867 -0.000109584
422 0.683131 0.0296207 0.0278165 -1.52268e-05 0.00208084 -0.000101101
423 0.65295 0.0280147 0.0260101 -1.31208e-05 0.0019954 -9.22426e-05
424 0.620381 0.0263084 0.0241089 -1.09625e-05 0.00190263 -8.30414e-05
425 0.585559 0.0245079 0.0221219 -8.76431e-06 0.00180287 -7.35299e-05
426 0.548611 0.0226194 0.0200567 -6.53434e-06 0.00169652 -6.37409e-05
427 0.50966 0.0206495 0.0179192 -4.27617e-06 0.001584 -5.3709e-05
428 0.468837 0.0186053 0.0157149 -1.99314e-06 0.0014657 -4.34704e-05
429 0.426295 0.0164943 0.0134512 3.06864e-07 0.001342 -3.30639e-05
430 0.382202 0.0143246 0.0111379 2.61111e-06 0.00121336 -2.25295e-05
431 0.336727 0.0121045 0.00878564 4.90637e-06 0.00108027 -1.19064e-05
432 0.290029 0.00984248 0.00640387 7.18389e-06 0.000943245 -1.23216e-06
433 0.242267 0.00754676 0.00399998 9.44001e-06 0.000802794 9.45715e-06
434 0.193611 0.0052252 0.0015805 1.16717e-05 0.000659391 2.01241e-05
435 0.144251 0.00288588 -0.000846669 1.38716e-05 0.000513534 3.07282e-05
436 0.0943758 0.000537415 -0.00327138 1.60268e-05 0.000365768 4.12276e-05
437 0.0441669 -0.00181104 -0.00568248 1.8124e-05 0.000216671 5.15815e-05
438 -0.00620465 -0.00415025 -0.00807001 2.01545e-05 6.68059e-05 6.17536e-05
439 -0.0565616 -0.00647144 -0.0104264 2.21162e-05 -8.33036e-05 7.17109e-05
440 -0.106713 -0.00876643 -0.0127456 2.40089e-05 -0.000233147 8.142e-05
441 -0.156462 -0.0110274 -0.0150207 2.5828e-05 -0.000382185 9.08449e-05
442 -0.205624 -0.0132463 -0.0172428 2.75623e-05 -0.00052984 9.99472e-05
443 -0.25403 -0.0154151 -0.0194013 2.91983e-05 -0.00067554 0.00010869
444 -0.301517 -0.017525 -0.0214864 3.07268e-05 -0.000818758 0.000117043
445 -0.347908 -0.0195679 -0.0234907 3.21463e-05 -0.000959007 0.000124979
446 -0.393019 -0.0215357 -0.025409 3.34597e-05 -0.0010958 0.000132472
447 -0.436675 -0.0234213 -0.0272364 3.46673e-05 -0.00122862 0.000139494
448 -0.478724 -0.0252183 -0.0289667 3.57624e-05 -0.00135694 0.000146017
449 -0.519027 -0.0269206 -0.0305921 3.67339e-05 -0.00148028 0.000152013
450 -0.557443 -0.028522 -0.0321045 3.7573e-05 -0.00159823 0.000157462
451 -0.593821 -0.030016 -0.0334974 3.82782e-05 -0.00171038 0.000162345
452 -0.628012 -0.0313962 -0.0347673 3.88547e-05 -0.00181632 0.000166649
453 -0.659889 -0.0326568 -0.0359116 3.93074e-05 -0.00191563 0.000170358
454 -0.689349 -0.0337934 -0.0369275 3.96353e-05 -0.00200793 0.000173457
455 -0.716297 -0.0348025 -0.0378106 3.98313e-05 -0.00209289 0.00017593
456 -0.740632 -0.0356808 -0.0385555 3.98881e-05 -0.00217023 0.000177769
457 -0.762249 -0.0364246 -0.0391578 3.98043e-05 -0.0022397 0.000178967
458 -0.78106 -0.0370302 -0.0396156 3.95858e-05 -0.002301 0.000179523
459 -0.797006 -0.0374949 -0.0399294 3.92407e-05 -0.00235388 0.000179436
460 -0.81004 -0.0378171 -0.0401 3.87736e-05 -0.00239816 0.000178709
461 -0.820117 -0.0379965 -0.0401274 3.81832e-05 -0.00243369 0.000177342
462 -0.827189 -0.0380325 -0.04001 3.74659e-05 -0.00246039 0.000175339
463 -0.83122 -0.0379243 -0.039746 3.66212e-05 -0.00247814 0.000172703
464 -0.832197 -0.0376715 -0.0393352 3.5654e-05 -0.00248683 0.000169446
465 -0.830131 -0.0372745 -0.0387802 3.45726e-05 -0.00248641 0.000165582
466 -0.825036 -0.0367355 -0.0380845 3.33842e-05 -0.00247692 0.000161127
467 -0.816922 -0.0360574 -0.0372519 3.20925e-05 -0.00245842 0.000156098
468 -0.805803 -0.0352427 -0.0362851 3.06989e-05 -0.002431 0.000150513
469 -0.791719 -0.0342939 -0.0351864 2.92063e-05 -0.00239471 0.00014439
470 -0.774734 -0.0332136 -0.0339588 2.76203e-05 -0.00234965 0.00013775
471 -0.754922 -0.032006 -0.0326067 2.59483e-05 -0.002296 0.00013062
472 -0.732353 -0.0306765 -0.0311357 2.41976e-05 -0.00223399 0.000123029
473 -0.707093 -0.0292308 -0.0295515 2.23734e-05 -0.00216388 0.000115005
474 -0.679226 -0.0276738 -0.0278596 2.04804e-05 -0.00208588 0.000106574
475 -0.648865 -0.0260104 -0.0260653 1.8524e-05 -0.00200026 9.77647e-05
476 -0.616134 -0.0242461 -0.0241745 1.65114e-05 -0.0019073 8.86086e-05
477 -0.581157 -0.0223883 -0.0221944 1.44507e-05 -0.0018074 7.91425e-05
478 -0.544048 -0.0204454 -0.0201329 1.23492e-05 -0.00170094 6.94049e-05
479 -0.504929 -0.0184254 -0.0179979 1.02135e-05 -0.0015883 5.94324e-05
480 -0.463948 -0.0163356 -0.0157966 8.04946e-06 -0.00146986 4.92587e-05
481 -0.421271 -0.0141823 -0.0135362 5.86379e-06 -0.00134603 3.89175e-05
482 -0.377061 -0.0119731 -0.011224 3.66387e-06 -0.00121727 2.84452e-05
483 -0.331472 -0.00971678 -0.00886842 1.45722e-06 -0.00108411 1.78815e-05
484 -0.284656 -0.00742323 -0.00647846 -7.49289e-07 -0.000947025 7.26726e-06
485 -0.236782 -0.00510196 -0.00406308 -2.94961e-06 -0.000806483 -3.3577e-06
486 -0.188039 -0.00276163 -0.00163072 -5.13773e-06 -0.000662967 -1.3955e-05
487 -0.138617 -0.000410464 0.000810516 -7.30669e-06 -0.000517014 -2.44863e-05
488 -0.0886927 0.00194295 0.0032521 -9.44834e-06 -0.000369197 -3.49129e-05
489 -0.038432 0.00428938 0.00568473 -1.15543e-05 -0.000220074 -4.51967e-05
490 0.0119864 0.00661933 0.00809879 -1.36177e-05 -7.01586e-05 -5.5301e-05
491 0.0623662 0.00892354 0.0104855 -1.56344e-05 8.0042e-05 -6.51902e-05
492 0.112507 0.0111932 0.0128377 -1.76016e-05 0.000229982 -7.48287e-05
493 0.162226 0.0134196 0.0151485 -1.95156e-05 0.000379077 -8.41804e-05
494 0.211357 0.0155943 0.0174106 -2.13696e-05 0.000526754 -9.32099e-05
495 0.259731 0.0177089 0.0196144 -2.31539e-05 0.000672488 -0.000101884
496 0.307165 0.0197548 0.0217496 -2.48599e-05 0.00081579 -0.000110172
497 0.353466 0.0217239 0.0238071 -2.64836e-05 0.000956152 -0.000118044
498 0.39846 0.0236077 0.0257809 -2.80259e-05 0.00109303 -0.000125471
499 0.441992 0.0253987 0.0276673 -2.94881e-05 0.00122589 -0.000132425
500 0.48392 0.0270903 0.0294618 -3.08669e-05 0.00135426 -0.000138883
501 0.524088 0.0286764 0.0311569 -3.21536e-05 0.0014777 -0.000144824
502 0.562333 0.0301512 0.0327435 -3.33394e-05 0.0015958 -0.000150226
503 0.598502 0.0315074 0.0342134 -3.44215e-05 0.0017081 -0.000155068
504 0.632471 0.0327376 0.0355625 -3.54052e-05 0.00181415 -0.000159328
505 0.664131 0.0338353 0.03679 -3.62972e-05 0.00191355 -0.000162991
506 0.693372 0.0347963 0.0378947 -3.70988e-05 0.00200598 -0.000166046
507 0.720073 0.0356179 0.038872 -3.78034e-05 0.00209114 -0.000168487
508 0.744117 0.036297 0.0397149 -3.84035e-05 0.00216873 -0.000170306
509 0.76542 0.0368285 0.0404179 -3.88999e-05 0.0022384 -0.000171493
510 0.783918 0.0372061 0.04098 -3.93037e-05 0.00229988 -0.000172039
511 0.799554 0.0374249 0.0414045 -3.96298e-05 0.00235298 -0.000171942
512 0.812259 0.0374829 0.0416942 -3.98863e-05 0.00239755 -0.000171207
513 0.821968 0.0373802 0.0418481 -4.00715e-05 0.00243346 -0.000169844
514 0.828639 0.0371157 0.0418623 -4.01815e-05 0.00246052 -0.000167856
515 0.832261 0.0366863 0.041734 -4.02203e-05 0.00247861 -0.000165245
516 0.832834 0.036088 0.0414654 -4.02035e-05 0.00248766 -0.000162015
517 0.830351 0.0353185 0.0410628 -4.0151e-05 0.00248771 -0.000158181
518 0.824802 0.0343788 0.0405324 -4.00759e-05 0.00247878 -0.000153766
519 0.816192 0.0332718 0.0398765 -3.99811e-05 0.00246088 -0.000148792
520 0.804563 0.0319993 0.0390947 -3.98653e-05 0.00243404 -0.000143273
521 0.789973 0.0305612 0.0381875 -3.97331e-05 0.00239836 -0.000137225
522 0.772477 0.028958 0.0371592 -3.95978e-05 0.002354 -0.000130665
523 0.752122 0.0271928 0.0360169 -3.94747e-05 0.00230116 -0.000123623
524 0.728967 0.025272 0.034767 -3.93713e-05 0.00224003 -0.000116137
525 0.703099 0.0232035 0.0334131 -3.92854e-05 0.00217079 -0.000108239
526 0.67463 0.0209942 0.0319566 -3.92107e-05 0.00209367 -9.99532e-05
527 0.643673 0.01865 0.0304002 -3.91459e-05 0.00200898 -9.13064e-05
528 0.610329 0.0161782 0.0287498 -3.90959e-05 0.00191707 -8.23315e-05
529 0.574703 0.0135889 0.0270125 -3.90657e-05 0.00181827 -7.30704e-05
530 0.536926 0.0108943 0.0251942 -3.90528e-05 0.0017129 -6.35666e-05
531 0.497152 0.00810725 0.0232981 -3.90462e-05 0.00160131 -5.38572e-05
532 0.45554 0.00523913 0.0213268 -3.90334e-05 0.00148392 -4.39741e-05
533 0.412236 0.0023008 0.0192853 -3.90076e-05 0.0013612 -3.39513e-05
534 0.367382 -0.000695842 0.0171809 -3.89694e-05 0.00123362 -2.38307e-05
535 0.321137 -0.00373712 0.0150221 -3.89202e-05 0.00110158 -1.36589e-05
536 0.273683 -0.00680849 0.0128152 -3.88553e-05 0.000965544 -3.47947e-06
537 0.225213 -0.00989592 0.0105648 -3.87623e-05 0.000825991 6.67137e-06
538 0.175902 -0.0129863 0.00827507 -3.86273e-05 0.000683473 1.67603e-05
539 0.125916 -0.0160664 0.00595208 -3.84415e-05 0.000538535 2.67498e-05
540 0.0754284 -0.0191224 0.00360402 -3.82023e-05 0.000391678 3.65963e-05
541 0.0246331 -0.0221395 0.00123929 -3.79088e-05 0.000243389 4.62559e-05
542 -0.0262653 -0.0251033 -0.00113533 -3.75547e-05 9.41933e-05 5.56907e-05
543 -0.0770745 -0.0279992 -0.00351465 -3.71268e-05 -5.5336e-05 6.48683e-05
544 -0.12762 -0.0308128 -0.00589355 -3.66093e-05 -0.000204623 7.37566e-05
545 -0.17773 -0.0335295 -0.00826568 -3.59905e-05 -0.000353139 8.23192e-05
546 -0.227215 -0.0361349 -0.0106236 -3.52648e-05 -0.00050039 9.05185e-05
547 -0.275874 -0.0386159 -0.0129598 -3.4429e-05 -0.000645869 9.83214e-05
548 -0.32352 -0.0409604 -0.0152681 -3.34772e-05 -0.000789024 0.000105702
549 -0.369986 -0.0431561 -0.017543 -3.23977e-05 -0.0009293 0.000112635
550 -0.415116 -0.0451897 -0.0197788 -3.11775e-05 -0.00106619 0.000119094
551 -0.458743 -0.047048 -0.0219689 -2.98074e-05 -0.00119923 0.000125048
552 -0.500691 -0.0487202 -0.024106 -2.82855e-05 -0.00132798 0.000130473
553 -0.540792 -0.0501977 -0.0261834 -2.66126e-05 -0.00145195 0.000135349
554 -0.578905 -0.0514736 -0.0281953 -2.47867e-05 -0.00157066 0.000139666
555 -0.614903 -0.0525394 -0.0301365 -2.28004e-05 -0.00168367 0.000143409
556 -0.648659 -0.0533856 -0.0320021 -2.06442e-05 -0.0017906 0.000146559
557 -0.680034 -0.054003 -0.0337864 -1.83137e-05 -0.00189109 0.000149101
558 -0.708898 -0.0543856 -0.0354834 -1.58113e-05 -0.00198479 0.000151023
559 -0.735144 -0.0545311 -0.0370875 -1.31422e-05 -0.00207131 0.000152327
560 -0.75869 -0.0544375 -0.0385941 -1.03082e-05 -0.00215033 0.000153013
561 -0.779457 -0.0541011 -0.0399995 -7.30576e-06 -0.00222158 0.000153078
562 -0.797358 -0.0535173 -0.0413002 -4.131e-06 -0.00228485 0.000152517
563 -0.812312 -0.0526832 -0.0424917 -7.86694e-07 -0.0023399 0.000151328
564 -0.82426 -0.0516005 -0.0435692 2.71643e-06 -0.0023865 0.00014952
565 -0.833169 -0.0502736 -0.0445281 6.36562e-06 -0.00242447 0.000147109
566 -0.839017 -0.0487069 -0.0453655 1.01533e-05 -0.00245367 0.000144109
567 -0.841776 -0.046902 -0.0460798 1.40782e-05 -0.00247405 0.000140528
568 -0.84142 -0.0448601 -0.0466698 1.81381e-05 -0.00248555 0.000136376
569 -0.837944 -0.0425859 -0.047133 2.23231e-05 -0.00248808 0.000131668
570 -0.83137 -0.0400881 -0.047466 2.6615e-05 -0.00248162 0.000126428
571 -0.821734 -0.0373779 -0.047666 3.09949e-05 -0.00246617 0.000120685
572 -0.80907 -0.0344647 -0.047732 3.54506e-05 -0.00244186 0.000114462
573 -0.793408 -0.0313555 -0.047665 3.99756e-05 -0.00240878 0.00010778
574 -0.774797 -0.0280577 -0.0474662 4.45615e-05 -0.00236703 0.000100661
575 -0.753312 -0.0245829 -0.047135 4.91912e-05 -0.00231673 9.31347e-05
576 -0.729046 -0.0209464 -0.0466698 5.38405e-05 -0.00225805 8.52393e-05
577 -0.702089 -0.0171644 -0.04607 5.84866e-05 -0.00219123 7.70104e-05
578 -0.672528 -0.0132509 -0.0453373 6.31138e-05 -0.00211656 6.8479e-05
579 -0.640459 -0.00921765 -0.0444754 6.77108e-05 -0.00203428 5.96741e-05
580 -0.606005 -0.00507803 -0.0434873 7.2263e-05 -0.00194466 5.06289e-05
581 -0.569307 -0.000848965 -0.042374 7.67471e-05 -0.001848 4.13832e-05
582 -0.530505 0.00345004 -0.0411353 8.11356e-05 -0.00174467 3.19786e-05
583 -0.489731 0.00780019 -0.0397733 8.5405e-05 -0.0016351 2.2454e-05
584 -0.447122 0.0121851 -0.0382928 8.95393e-05 -0.00151967 1.28449e-05
585 -0.402836 0.0165895 -0.0367003 9.35258e-05 -0.00139875 3.18711e-06
586 -0.357049 0.0209959 -0.0350007 9.73463e-05 -0.00127277 -6.47989e-06
587 -0.309939 0.0253845 -0.0331961 0.000100975 -0.0011422 -1.61144e-05
588 -0.261672 0.0297344 -0.0312881 0.000104384 -0.00100753 -2.56769e-05
589 -0.212413 0.0340264 -0.0292808 0.00010755 -0.000869279 -3.5131e-05
590 -0.16234 0.0382437 -0.0271816 0.00011046 -0.000727895 -4.44416e-05
591 -0.111652 0.0423693 -0.0249987 0.000113101 -0.000583859 -5.35711e-05
592 -0.0605465 0.0463849 -0.0227381 0.000115454 -0.000437702 -6.24803e-05
593 -0.00920703 0.0502706 -0.0204035 0.000117496 -0.000289992 -7.11321e-05
594 0.0421912 0.0540074 -0.0179987 0.000119204 -0.000141277 -7.94933e-05
595 0.0934629 0.0575781 -0.0155305 0.000120561 7.93763e-06 -8.75337e-05
596 0.144407 0.0609674 -0.0130078 0.000121558 0.000157155 -9.52223e-05
597 0.194821 0.0641596 -0.0104392 0.000122183 0.000305836 -0.000102527
598 0.24452 0.0671384 -0.00783058 0.00012242 0.000453405 -0.000109416
599 0.293336 0.0698876 -0.00518622 0.000122252 0.000599305 -0.000115863
600 0.341095 0.0723929 -0.00251213 0.000121665 0.000743032 -0.000121846
601 0.387613 0.0746414 0.000182575 0.000120653 0.000884113 -0.000127343
602 0.432701 0.0766212 0.00288749 0.000119212 0.00102205 -0.000132329
603 0.476189 0.0783206 0.00559432 0.000117338 0.00115631 -0.000136782
604 0.517929 0.0797285 0.00829789 0.000115021 0.00128638 -0.000140686
605 0.557778 0.0808358 0.0109937 0.000112253 0.0014118 -0.00014403
606 0.595584 0.0816351 0.0136743 0.000109033 0.00153216 -0.000146803
607 0.631189 0.0821203 0.0163294 0.000105366 0.00164706 -0.000148994
608 0.664455 0.0822854 0.0189479 0.000101259 0.00175604 -0.000150591
609 0.695271 0.0821252 0.0215221 9.67186e-05 0.00185868 -0.000151584
610 0.723535 0.0816366 0.0240471 9.17467e-05 0.0019546 -0.000151973
611 0.749142 0.0808193 0.026518 8.63493e-05 0.00204351 -0.000151762
612 0.77198 0.0796751 0.0289267 8.05398e-05 0.0021251 -0.000150955
613 0.791956 0.0782063 0.0312625 7.43376e-05 0.00219908 -0.000149552
614 0.809004 0.0764157 0.0335153 6.7764e-05 0.00226511 -0.000147555
615 0.823078 0.0743072 0.035678 6.08379e-05 0.00232295 -0.000144972
616 0.834128 0.0718874 0.0377457 5.35779e-05 0.00237243 -0.000141817
617 0.842101 0.0691657 0.0397131 4.60064e-05 0.0024134 -0.000138106
618 0.846954 0.0661531 0.0415721 3.81523e-05 0.0024457 -0.000133854
619 0.848674 0.062861 0.0433135 3.00482e-05 0.00246918 -0.000129074
620 0.847273 0.0593012 0.0449295 2.17269e-05 0.00248371 -0.000123785
621 0.842764 0.0554871 0.046415 1.32197e-05 0.00248927 -0.000118008
622 0.835153 0.051434 0.0477661 4.55757e-06 0.00248588 -0.000111769
623 0.824454 0.0471588 0.048978 -4.2258e-06 0.00247355 -0.000105094
624 0.810707 0.0426783 0.0500446 -1.30944e-05 0.00245228 -9.8004e-05
625 0.793979 0.0380096 0.0509606 -2.2012e-05 0.00242212 -9.05242e-05
626 0.774345 0.0331702 0.0517227 -3.09446e-05 0.00238319 -8.26835e-05
627 0.751869 0.0281787 0.0523296 -3.986e-05 0.00233566 -7.45155e-05
628 0.726618 0.0230545 0.0527802 -4.8726e-05 0.00227974 -6.6053e-05
629 0.698681 0.0178169 0.0530727 -5.75098e-05 0.00221558 -5.73249e-05
630 0.668175 0.0124843 0.0532049 -6.61787e-05 0.00214338 -4.83588e-05
631 0.635226 0.00707511 0.053176 -7.47024e-05 0.00206341 -3.91858e-05
632 0.599954 0.00160858 0.0529872 -8.30525e-05 0.00197599 -2.9842e-05
633 0.56247 -0.00389508 0.0526408 -9.12017e-05 0.00188148 -2.03655e-05
634 0.522905 -0.00941544 0.0521387 -9.91217e-05 0.00178018 -1.0791e-05
635 0.481413 -0.0149326 0.0514821 -0.000106783 0.00167244 -1.14964e-06
636 0.438165 -0.020427 0.0506722 -0.000114155 0.00155862 8.52639e-06
637 0.39332 -0.0258785 0.0497114 -0.00012121 0.00143918 1.82003e-05
638 0.347028 -0.0312663 0.0486029 -0.000127921 0.00131458 2.78325e-05
639 0.299447 -0.0365694 0.0473507 -0.000134264 0.00118526 3.73857e-05
640 0.25076 -0.0417678 0.0459589 -0.000140211 0.00105166 4.68278e-05
641 0.201162 -0.0468425 0.0444315 -0.00014574 0.00091423 5.61289e-05
642 0.150841 -0.0517747 0.0427728 -0.000150825 0.000773505 6.52558e-05
643 0.0999698 -0.056545 0.0409878 -0.000155444 0.000630027 7.41711e-05
644 0.0487214 -0.0611344 0.0390818 -0.000159578 0.000484315 8.28381e-05
645 -0.00271352 -0.0655254 0.0370611 -0.000163211 0.000336858 9.12253e-05
646 -0.0541303 -0.0697026 0.0349326 -0.00016633 0.000188165 9.9307e-05
647 -0.105331 -0.0736519 0.0327037 -0.000168923 3.87994e-05 0.000107058
648 -0.156137 -0.0773587 0.0303814 -0.000170976 -0.000110658 0.000114448
649 -0.206377 -0.0808077 0.0279724 -0.000172478 -0.000259661 0.000121446
650 -0.255868 -0.0839845 0.0254831 -0.000173419 -0.000407703 0.000128025
651 -0.304415 -0.0868772 0.0229215 -0.000173794 -0.000554279 0.000134161
652 -0.351829 -0.0894759 0.0202967 -0.000173601 -0.000698842 0.000139837
653 -0.39794 -0.0917714 0.0176184 -0.000172839 -0.000840826 0.000145034
654 -0.442597 -0.0937536 0.0148944 -0.000171504 -0.000979703 0.000149727
655 -0.485638 -0.0954126 0.0121314 -0.000169593 -0.001115 0.000153896
656 -0.526894 -0.0967404 0.00933603 -0.000167105 -0.00124627 0.000157527
657 -0.5662 -0.0977321 0.00651715 -0.000164048 -0.00137303 0.000160609
658 -0.603414 -0.0983851 0.00368559 -0.000160434 -0.00149478 0.000163135
659 -0.638415 -0.0986968 0.000851987 -0.000156274 -0.00161105 0.000165093
660 -0.671083 -0.0986643 -0.00197526 -0.000151578 -0.00172145 0.00016647
661 -0.701289 -0.0982852 -0.00478965 -0.000146354 -0.00182561 0.000167258
662 -0.728909 -0.0975601 -0.00758424 -0.000140617 -0.00192316 0.000167458
663 -0.753838 -0.0964919 -0.0103497 -0.000134386 -0.00201373 0.000167073
664 -0.776 -0.0950852 -0.0130754 -0.000127683 -0.00209694 0.000166105
665 -0.795325 -0.0933439 -0.0157516 -0.00012053 -0.00217251 0.000164551
666 -0.811737 -0.0912718 -0.0183712 -0.000112945 -0.0022402 0.000162413
667 -0.825162 -0.0888744 -0.0209284 -0.000104947 -0.00229978 0.000159697
668 -0.835545 -0.0861597 -0.0234166 -9.65614e-05 -0.00235102 0.000156416
669 -0.842859 -0.0831379 -0.0258268 -8.78183e-05 -0.00239369 0.000152584
670 -0.84709 -0.0798197 -0.0281498 -7.87486e-05 -0.00242765 0.000148212
671 -0.848221 -0.076216 -0.0303782 -6.93808e-05 -0.00245279 0.000143311
672 -0.846234 -0.0723378 -0.0325071 -5.97418e-05 -0.00246906 0.000137898
673 -0.841132 -0.0681982 -0.034532 -4.98607e-05 -0.00247638 0.000131994
674 -0.832941 -0.0638121 -0.0364467 -3.9772e-05 -0.00247469 0.000125618
675 -0.821705 -0.0591953 -0.0382435 -2.95133e-05 -0.00246398 0.000118793
676 -0.807469 -0.0543638 -0.0399155 -1.91208e-05 -0.00244432 0.000111536
677 -0.790272 -0.0493334 -0.0414584 -8.6273e-06 -0.00241582 0.000103873
678 -0.770169 -0.0441211 -0.0428702 1.93629e-06 -0.00237857 9.58306e-05
679 -0.747237 -0.038745 -0.0441484 1.25365e-05 -0.00233268 8.74405e-05
680 -0.721577 -0.0332243 -0.045289 2.31358e-05 -0.00227829 7.87295e-05
681 -0.693286 -0.027578 -0.0462868 3.36955e-05 -0.00221563 6.97223e-05
682 -0.662461 -0.0218249 -0.0471383 4.41788e-05 -0.00214496 6.04451e-05
683 -0.629204 -0.0159845 -0.0478423 5.45522e-05 -0.00206652 5.09296e-05
684 -0.593641 -0.010077 -0.0483989 6.47827e-05 -0.00198058 4.12115e-05
685 -0.555915 -0.00412358 -0.0488078 7.48353e-05 -0.00188744 3.13248e-05
686 -0.516172 0.00185472 -0.0490672 8.46731e-05 -0.00178744 2.1299e-05
687 -0.474551 0.00783765 -0.0491753 9.42598e-05 -0.00168099 1.11621e-05
688 -0.431194 0.0138054 -0.0491321 0.000103563 -0.00156847 9.4547e-07
689 -0.386262 0.019738 -0.0489395 0.000112553 -0.00145026 -9.3152e-06
690 -0.339932 0.025615 -0.0486003 0.0001212 -0.00132678 -1.95839e-05
691 -0.292382 0.0314161 -0.0481162 0.000129473 -0.00119849 -2.98285e-05
692 -0.243781 0.037121 -0.0474878 0.000137341 -0.00106588 -4.00201e-05
693 -0.194297 0.04271 -0.0467161 0.000144772 -0.000929455 -5.01282e-05
694 -0.144111 0.0481641 -0.0458036 0.000151739 -0.000789668 -6.01179e-05
695 -0.0934191 0.0534646 -0.0447542 0.000158219 -0.000647004 -6.99534e-05
696 -0.0424152 0.0585935 -0.0435719 0.000164188 -0.000501994 -7.96024e-05
697 0.00871696 0.0635336 -0.0422601 0.000169624 -0.000355201 -8.90367e-05
698 0.0598015 0.0682675 -0.0408213 0.0001745 -0.000207171 -9.82282e-05
699 0.110655 0.0727778 -0.0392583 0.000178794 -5.84141e-05 -0.000107144
700 0.161081 0.0770479 -0.0375752 0.000182486 9.05622e-05 -0.00011575
701 0.210885 0.0810626 -0.0357768 0.000185562 0.000239215 -0.000124014
702 0.259886 0.0848085 -0.0338682 0.000188008 0.000386972 -0.00013191
703 0.307916 0.0882726 -0.0318537 0.00018981 0.000533277 -0.000139413
704 0.354807 0.0914419 -0.0297374 0.000190952 0.000677618 -0.000146497
705 0.40038 0.0943036 -0.0275243 0.000191425 0.000819506 -0.00015313
706 0.444457 0.0968462 -0.0252209 0.000191221 0.000958429 -0.000159285
