2000
0 0
1 0.000604232
2 0.00241251
3 0.00541161
4 0.00957958
5 0.0148858
6 0.0212914
7 0.0287489
8 0.0372032
9 0.0465914
10 0.0568433
11 0.0678817
12 0.0796229
13 0.0919773
14 0.10485
15 0.11814
16 0.131742
17 0.14555
18 0.159449
19 0.173327
20 0.187067
21 0.20055
22 0.213659
23 0.226275
24 0.238281
25 0.249561
26 0.26
27 0.269488
28 0.277916
29 0.285182
30 0.291186
31 0.295835
32 0.299042
33 0.300727
34 0.300814
35 0.29924
36 0.295944
37 0.29088
38 0.284005
39 0.27529
40 0.264713
41 0.252262
42 0.237937
43 0.221747
44 0.203711
45 0.183859
46 0.162233
47 0.138883
48 0.11387
49 0.0872683
50 0.059158
51 0.0296315
52 -0.00120965
53 -0.0332548
54 -0.0663846
55 -0.100471
56 -0.135378
57 -0.170964
58 -0.207077
59 -0.243563
60 -0.280259
61 -0.316999
62 -0.353614
63 -0.389929
64 -0.425768
65 -0.460954
66 -0.495307
67 -0.528649
68 -0.560802
69 -0.591588
70 -0.620835
71 -0.648371
72 -0.674031
73 -0.697652
74 -0.719079
75 -0.738164
76 -0.754766
77 -0.768751
78 -0.779995
79 -0.788385
80 -0.793817
81 -0.796198
82 -0.795447
83 -0.791496
84 -0.784289
85 -0.773783
86 -0.759949
87 -0.742772
88 -0.722252
89 -0.698402
90 -0.671251
91 -0.640842
92 -0.607234
93 -0.570498
94 -0.530723
95 -0.488011
96 -0.44248
97 -0.394258
98 -0.343492
99 -0.290339
100 -0.23497
101 -0.175809
102 -0.116006
103 -0.0557785
104 0.00465247
105 0.0650665
106 0.125243
107 0.184961
108 0.244004
109 0.302155
110 0.359202
111 0.414936
112 0.469154
113 0.521657
114 0.572254
115 0.62076
116 0.666998
117 0.710798
118 0.752001
119 0.790455
120 0.826022
121 0.858569
122 0.887979
123 0.914144
124 0.936969
125 0.95637
126 0.972275
127 0.984628
128 0.993383
129 0.998507
130 0.999983
131 0.997805
132 0.99198
133 0.98253
134 0.96949
135 0.952907
136 0.932842
137 0.909367
138 0.88257
139 0.852548
140 0.81941
141 0.783278
142 0.744283
143 0.702569
144 0.658287
145 0.6116
146 0.562677
147 0.511699
148 0.458851
149 0.404325
150 0.348323
151 0.291047
152 0.232708
153 0.173518
154 0.113695
155 0.0534558
156 -0.00697868
157 -0.0673876
158 -0.12755
159 -0.187247
160 -0.246259
161 -0.304372
162 -0.361372
163 -0.417051
164 -0.471207
165 -0.52364
166 -0.574161
167 -0.622583
168 -0.668729
169 -0.712432
170 -0.753532
171 -0.791878
172 -0.82733
173 -0.859759
174 -0.889047
175 -0.915085
176 -0.937779
177 -0.957047
178 -0.972817
179 -0.985032
180 -0.993647
181 -0.998632
182 -0.999967
183 -0.997648
184 -0.991683
185 -0.982094
186 -0.968917
187 -0.952199
188 -0.932001
189 -0.908397
190 -0.881474
191 -0.85133
192 -0.818074
193 -0.781829
194 -0.742728
195 -0.700912
196 -0.656534
197 -0.609758
198 -0.560753
199 -0.509699
200 -0.456782
201 -0.402197
202 -0.346141
203 -0.288821
204 -0.230445
205 -0.171227
206 -0.111383
207 -0.0511327
208 0.00930484
209 0.0697084
210 0.129857
211 0.189531
212 0.248513
213 0.306587
214 0.36354
215 0.419164
216 0.473257
217 0.525621
218 0.576064
219 0.624401
220 0.670457
221 0.714063
222 0.755059
223 0.793297
224 0.828635
225 0.860945
226 0.890109
227 0.91602
228 0.938584
229 0.957718
230 0.973353
231 0.98543
232 0.993906
233 0.998751
234 0.999945
235 0.997486
236 0.991381
237 0.981654
238 0.968339
239 0.951486
240 0.931155
241 0.907422
242 0.880373
243 0.850107
244 0.816734
245 0.780377
246 0.741168
247 0.69925
248 0.654778
249 0.607912
250 0.558825
251 0.507696
252 0.454712
253 0.400066
254 0.343958
255 0.286593
256 0.228181
257 0.168935
258 0.109071
259 0.0488094
260 -0.011631
261 -0.0720288
262 -0.132163
263 -0.191815
264 -0.250766
265 -0.3088
266 -0.365706
267 -0.421275
268 -0.475305
269 -0.527598
270 -0.577964
271 -0.626217
272 -0.672181
273 -0.71569
274 -0.756583
275 -0.794711
276 -0.829935
277 -0.862126
278 -0.891167
279 -0.916951
280 -0.939385
281 -0.958385
282 -0.973884
283 -0.985823
284 -0.99416
285 -0.998864
286 -0.999918
287 -0.997318
288 -0.991074
289 -0.981207
290 -0.967755
291 -0.950767
292 -0.930304
293 -0.906442
294 -0.879267
295 -0.84888
296 -0.81539
297 -0.77892
298 -0.739604
299 -0.697586
300 -0.653018
301 -0.606064
302 -0.556895
303 -0.505691
304 -0.452639
305 -0.397933
306 -0.341773
307 -0.284363
308 -0.225915
309 -0.166641
310 -0.106759
311 -0.0464858
312 0.013957
313 0.0743488
314 0.134469
315 0.194098
316 0.253017
317 0.311012
318 0.36787
319 0.423384
320 0.477351
321 0.529573
322 0.57986
323 0.628029
324 0.673902
325 0.717312
326 0.758102
327 0.796121
328 0.83123
329 0.863302
330 0.89222
331 0.917877
332 0.94018
333 0.959047
334 0.974409
335 0.986211
336 0.994408
337 0.998972
338 0.999886
339 0.997145
340 0.990761
341 0.980756
342 0.967167
343 0.950044
344 0.929449
345 0.905457
346 0.878157
347 0.847648
348 0.814041
349 0.777459
350 0.738037
351 0.695917
352 0.651254
353 0.604212
354 0.554961
355 0.503682
356 0.450563
357 0.395798
358 0.339585
359 0.282132
360 0.223649
361 0.164347
362 0.104445
363 0.0441619
364 -0.016283
365 -0.0766684
366 -0.136774
367 -0.196379
368 -0.255267
369 -0.313222
370 -0.370032
371 -0.42549
372 -0.479394
373 -0.531545
374 -0.581754
375 -0.629837
376 -0.675619
377 -0.718931
378 -0.759617
379 -0.797526
380 -0.832521
381 -0.864474
382 -0.893268
383 -0.918798
384 -0.94097
385 -0.959703
386 -0.974929
387 -0.986593
388 -0.994651
389 -0.999075
390 -0.999848
391 -0.996967
392 -0.990443
393 -0.980299
394 -0.966573
395 -0.949315
396 -0.928588
397 -0.904467
398 -0.877042
399 -0.846411
400 -0.812688
401 -0.775994
402 -0.736465
403 -0.694245
404 -0.649487
405 -0.602356
406 -0.553024
407 -0.501671
408 -0.448485
409 -0.39366
410 -0.337397
411 -0.2799
412 -0.221381
413 -0.162052
414 -0.102132
415 -0.0418378
416 0.0186089
417 0.0789876
418 0.139078
419 0.198659
420 0.257515
421 0.31543
422 0.372192
423 0.427594
424 0.481434
425 0.533514
426 0.583645
427 0.631642
428 0.677332
429 0.720546
430 0.761127
431 0.798927
432 0.833808
433 0.865641
434 0.894311
435 0.919713
436 0.941754
437 0.960354
438 0.975444
439 0.98697
440 0.994889
441 0.999172
442 0.999805
443 0.996783
444 0.990119
445 0.979837
446 0.965974
447 0.948581
448 0.927722
449 0.903473
450 0.875922
451 0.84517
452 0.81133
453 0.774525
454 0.734889
455 0.692568
456 0.647717
457 0.600498
458 0.551085
459 0.499658
460 0.446405
461 0.391521
462 0.335206
463 0.277666
464 0.219111
465 0.159756
466 0.0998173
467 0.0395135
468 -0.0209347
469 -0.0813063
470 -0.141381
471 -0.200939
472 -0.259762
473 -0.317637
474 -0.37435
475 -0.429696
476 -0.483471
477 -0.53548
478 -0.585532
479 -0.633444
480 -0.679041
481 -0.722157
482 -0.762634
483 -0.800324
484 -0.83509
485 -0.866803
486 -0.89535
487 -0.920624
488 -0.942534
489 -0.961
490 -0.975954
491 -0.987342
492 -0.995121
493 -0.999264
494 -0.999756
495 -0.996594
496 -0.98979
497 -0.979369
498 -0.96537
499 -0.947842
500 -0.926851
501 -0.902473
502 -0.874797
503 -0.843925
504 -0.809968
505 -0.773051
506 -0.73331
507 -0.690888
508 -0.645943
509 -0.598636
510 -0.549142
511 -0.497641
512 -0.444322
513 -0.389379
514 -0.333013
515 -0.27543
516 -0.216841
517 -0.157459
518 -0.0975024
519 -0.037189
520 0.0232603
521 0.0836246
522 0.143683
523 0.203217
524 0.262008
525 0.319842
526 0.376506
527 0.431795
528 0.485506
529 0.537443
530 0.587416
531 0.635242
532 0.680747
533 0.723764
534 0.764137
535 0.801717
536 0.836367
537 0.867961
538 0.896383
539 0.92153
540 0.943309
541 0.961641
542 0.976458
543 0.987708
544 0.995348
545 0.999351
546 0.999702
547 0.996399
548 0.989456
549 0.978897
550 0.96476
551 0.947098
552 0.925975
553 0.901469
554 0.873668
555 0.842674
556 0.808601
557 0.771574
558 0.731726
559 0.689205
560 0.644165
561 0.596771
562 0.547196
563 0.495622
564 0.442237
565 0.387235
566 0.330819
567 0.273193
568 0.21457
569 0.155162
570 0.0951869
571 0.0348642
572 -0.0255859
573 -0.0859425
574 -0.145985
575 -0.205494
576 -0.264252
577 -0.322045
578 -0.37866
579 -0.433892
580 -0.487539
581 -0.539403
582 -0.589297
583 -0.637037
584 -0.682449
585 -0.725368
586 -0.765635
587 -0.803105
588 -0.83764
589 -0.869114
590 -0.897412
591 -0.922431
592 -0.944078
593 -0.962276
594 -0.976958
595 -0.988069
596 -0.995569
597 -0.999432
598 -0.999642
599 -0.996199
600 -0.989116
601 -0.978419
602 -0.964146
603 -0.946349
604 -0.925095
605 -0.900459
606 -0.872534
607 -0.841419
608 -0.80723
609 -0.770092
610 -0.730139
611 -0.687517
612 -0.642384
613 -0.594903
614 -0.545248
615 -0.4936
616 -0.440149
617 -0.38509
618 -0.328623
619 -0.270955
620 -0.212297
621 -0.152863
622 -0.092871
623 -0.0325393
624 0.0279113
625 0.0882599
626 0.148286
627 0.20777
628 0.266495
629 0.324246
630 0.380812
631 0.435987
632 0.489568
633 0.541361
634 0.591175
635 0.638829
636 0.684148
637 0.726967
638 0.76713
639 0.804489
640 0.838908
641 0.870262
642 0.898436
643 0.923326
644 0.944843
645 0.962907
646 0.977451
647 0.988424
648 0.995785
649 0.999508
650 0.999577
651 0.995994
652 0.988771
653 0.977935
654 0.963526
655 0.945595
656 0.924209
657 0.899445
658 0.871395
659 0.84016
660 0.805855
661 0.768606
662 0.728547
663 0.685826
664 0.640599
665 0.593031
666 0.543296
667 0.491576
668 0.438059
669 0.382942
670 0.326425
671 0.268715
672 0.210023
673 0.150564
674 0.0905546
675 0.0302142
676 -0.0302366
677 -0.0905768
678 -0.150586
679 -0.210045
680 -0.268737
681 -0.326446
682 -0.382962
683 -0.438079
684 -0.491596
685 -0.543315
686 -0.593049
687 -0.640617
688 -0.685843
689 -0.728562
690 -0.76862
691 -0.805869
692 -0.840172
693 -0.871406
694 -0.899455
695 -0.924217
696 -0.945602
697 -0.963532
698 -0.97794
699 -0.988775
700 -0.995996
701 -0.999578
702 -0.999507
703 -0.995783
704 -0.988421
705 -0.977447
706 -0.9629
707 -0.944836
708 -0.923318
709 -0.898426
710 -0.870251
711 -0.838896
712 -0.804476
713 -0.767115
714 -0.726952
715 -0.684132
716 -0.638811
717 -0.591157
718 -0.541342
719 -0.489549
720 -0.435967
721 -0.380792
722 -0.324225
723 -0.266474
724 -0.207748
725 -0.148264
726 -0.0882376
727 -0.0278889
728 0.0325617
729 0.0928933
730 0.152885
731 0.212319
732 0.270976
733 0.328644
734 0.38511
735 0.440169
736 0.49362
737 0.545267
738 0.594921
739 0.642401
740 0.687534
741 0.730154
742 0.770106
743 0.807244
744 0.841432
745 0.872545
746 0.900469
747 0.925103
748 0.946356
749 0.964152
750 0.978423
751 0.98912
752 0.996201
753 0.999643
754 0.999431
755 0.995567
756 0.988065
757 0.976953
758 0.96227
759 0.944071
760 0.922422
761 0.897402
762 0.869103
763 0.837628
764 0.803092
765 0.765621
766 0.725352
767 0.682433
768 0.63702
769 0.589279
770 0.539385
771 0.487519
772 0.433872
773 0.37864
774 0.322024
775 0.264231
776 0.205472
777 0.145963
778 0.0859202
779 0.0255635
780 -0.0348866
781 -0.0952092
782 -0.155184
783 -0.214592
784 -0.273215
785 -0.33084
786 -0.387256
787 -0.442257
788 -0.495642
789 -0.547215
790 -0.596789
791 -0.644182
792 -0.689221
793 -0.731741
794 -0.771588
795 -0.808614
796 -0.842686
797 -0.873679
798 -0.901478
799 -0.925984
800 -0.947106
801 -0.964766
802 -0.978901
803 -0.989459
804 -0.996401
805 -0.999702
806 -0.99935
807 -0.995346
808 -0.987704
809 -0.976454
810 -0.961635
811 -0.943301
812 -0.921521
813 -0.896373
814 -0.86795
815 -0.836355
816 -0.801703
817 -0.764122
818 -0.723749
819 -0.680731
820 -0.635225
821 -0.587398
822 -0.537424
823 -0.485487
824 -0.431775
825 -0.376486
826 -0.31982
827 -0.261986
828 -0.203195
829 -0.143661
830 -0.0836024
831 -0.023238
832 0.0372113
833 0.0975246
834 0.157482
835 0.216863
836 0.275452
837 0.333034
838 0.3894
839 0.444342
840 0.497661
841 0.549161
842 0.598654
843 0.64596
844 0.690905
845 0.733325
846 0.773065
847 0.809981
848 0.843937
849 0.874808
850 0.902483
851 0.92686
852 0.94785
853 0.965376
854 0.979374
855 0.989793
856 0.996596
857 0.999756
858 0.999263
859 0.995119
860 0.987338
861 0.975949
862 0.960994
863 0.942527
864 0.920615
865 0.89534
866 0.866792
867 0.835077
868 0.800311
869 0.76262
870 0.722142
871 0.679025
872 0.633427
873 0.585514
874 0.535461
875 0.483452
876 0.429676
877 0.37433
878 0.317616
879 0.259741
880 0.200917
881 0.141359
882 0.081284
883 0.0209123
884 -0.0395358
885 -0.0998395
886 -0.159778
887 -0.219133
888 -0.277687
889 -0.335227
890 -0.391541
891 -0.446425
892 -0.499677
893 -0.551103
894 -0.600516
895 -0.647734
896 -0.692585
897 -0.734905
898 -0.774539
899 -0.811343
900 -0.845182
901 -0.875933
902 -0.903482
903 -0.92773
904 -0.948588
905 -0.96598
906 -0.979841
907 -0.990122
908 -0.996785
909 -0.999805
910 -0.999171
911 -0.994887
912 -0.986966
913 -0.975439
914 -0.960348
915 -0.941747
916 -0.919705
917 -0.894301
918 -0.86563
919 -0.833795
920 -0.798914
921 -0.761113
922 -0.720531
923 -0.677315
924 -0.631625
925 -0.583626
926 -0.533495
927 -0.481414
928 -0.427574
929 -0.372171
930 -0.315409
931 -0.257494
932 -0.198637
933 -0.139055
934 -0.0789653
935 -0.0185865
936 0.0418602
937 0.102154
938 0.162074
939 0.221402
940 0.279921
941 0.337418
942 0.393681
943 0.448505
944 0.501691
945 0.553043
946 0.602374
947 0.649504
948 0.694261
949 0.73648
950 0.776008
951 0.812701
952 0.846423
953 0.877053
954 0.904477
955 0.928596
956 0.949322
957 0.966579
958 0.980303
959 0.990446
960 0.996969
961 0.999848
962 0.999074
963 0.994649
964 0.986589
965 0.974924
966 0.959697
967 0.940962
968 0.918789
969 0.893258
970 0.864463
971 0.832509
972 0.797513
973 0.759602
974 0.718916
975 0.675602
976 0.62982
977 0.581736
978 0.531526
979 0.479374
980 0.42547
981 0.370011
982 0.313201
983 0.255245
984 0.196357
985 0.136751
986 0.0766461
987 0.0162606
988 -0.0441843
989 -0.104468
990 -0.164369
991 -0.22367
992 -0.282154
993 -0.339607
994 -0.395818
995 -0.450583
996 -0.503702
997 -0.55498
998 -0.604229
999 -0.651271
1000 -0.695933
1001 -0.738052
1002 -0.777473
1003 -0.814054
1004 -0.84766
1005 -0.878168
1006 -0.905467
1007 -0.929457
1008 -0.950051
1009 -0.967173
1010 -0.98076
1011 -0.990764
1012 -0.997147
1013 -0.999886
1014 -0.998971
1015 -0.994406
1016 -0.986207
1017 -0.974404
1018 -0.95904
1019 -0.940172
1020 -0.917868
1021 -0.89221
1022 -0.863291
1023 -0.831218
1024 -0.796107
1025 -0.758087
1026 -0.717297
1027 -0.673885
1028 -0.628011
1029 -0.579842
1030 -0.529554
1031 -0.477331
1032 -0.423364
1033 -0.367849
1034 -0.31099
1035 -0.252995
1036 -0.194076
1037 -0.134447
1038 -0.0743265
1039 -0.0139346
1040 0.0465081
1041 0.106781
1042 0.166663
1043 0.225937
1044 0.284385
1045 0.341794
1046 0.397953
1047 0.452659
1048 0.50571
1049 0.556913
1050 0.606081
1051 0.653035
1052 0.697602
1053 0.739619
1054 0.778934
1055 0.815403
1056 0.848891
1057 0.879278
1058 0.906452
1059 0.930313
1060 0.950774
1061 0.967761
1062 0.981212
1063 0.991077
1064 0.99732
1065 0.999918
1066 0.998863
1067 0.994158
1068 0.985819
1069 0.973878
1070 0.958379
1071 0.939377
1072 0.916942
1073 0.891157
1074 0.862115
1075 0.829922
1076 0.794697
1077 0.756568
1078 0.715674
1079 0.672165
1080 0.626199
1081 0.577945
1082 0.527579
1083 0.475286
1084 0.421255
1085 0.365685
1086 0.308779
1087 0.250744
1088 0.191793
1089 0.132141
1090 0.0720065
1091 0.0116086
1092 -0.0488317
1093 -0.109094
1094 -0.168957
1095 -0.228203
1096 -0.286614
1097 -0.343979
1098 -0.400086
1099 -0.454732
1100 -0.507715
1101 -0.558844
1102 -0.60793
1103 -0.654795
1104 -0.699266
1105 -0.741183
1106 -0.780391
1107 -0.816747
1108 -0.850119
1109 -0.880384
1110 -0.907432
1111 -0.931163
1112 -0.951492
1113 -0.968344
1114 -0.981658
1115 -0.991384
1116 -0.997487
1117 -0.999945
1118 -0.99875
1119 -0.993904
1120 -0.985426
1121 -0.973348
1122 -0.957712
1123 -0.938577
1124 -0.916012
1125 -0.890099
1126 -0.860934
1127 -0.828622
1128 -0.793283
1129 -0.755045
1130 -0.714047
1131 -0.670441
1132 -0.624384
1133 -0.576045
1134 -0.525602
1135 -0.473238
1136 -0.419144
1137 -0.363519
1138 -0.306565
1139 -0.248491
1140 -0.189509
1141 -0.129835
1142 -0.0696861
1143 -0.00928247
1144 0.051155
1145 0.111406
1146 0.171249
1147 0.230467
1148 0.288842
1149 0.346162
1150 0.402217
1151 0.456802
1152 0.509718
1153 0.560771
1154 0.609775
1155 0.656551
1156 0.700928
1157 0.742743
1158 0.781843
1159 0.818087
1160 0.851341
1161 0.881485
1162 0.908407
1163 0.932009
1164 0.952206
1165 0.968922
1166 0.982099
1167 0.991686
1168 0.997649
1169 0.999967
1170 0.998631
1171 0.993645
1172 0.985028
1173 0.972811
1174 0.95704
1175 0.937771
1176 0.915076
1177 0.889036
1178 0.859748
1179 0.827318
1180 0.791864
1181 0.753517
1182 0.712417
1183 0.668713
1184 0.622565
1185 0.574142
1186 0.523621
1187 0.471187
1188 0.417031
1189 0.361351
1190 0.30435
1191 0.246237
1192 0.187225
1193 0.127528
1194 0.0673653
1195 0.0069563
1196 -0.0534781
1197 -0.113717
1198 -0.17354
1199 -0.23273
1200 -0.291069
1201 -0.348344
1202 -0.404346
1203 -0.45887
1204 -0.511718
1205 -0.562696
1206 -0.611617
1207 -0.658304
1208 -0.702585
1209 -0.744298
1210 -0.783292
1211 -0.819423
1212 -0.85256
1213 -0.882581
1214 -0.909377
1215 -0.93285
1216 -0.952914
1217 -0.969495
1218 -0.982534
1219 -0.991983
1220 -0.997806
1221 -0.999983
1222 -0.998506
1223 -0.99338
1224 -0.984624
1225 -0.97227
1226 -0.956363
1227 -0.936961
1228 -0.914135
1229 -0.887969
1230 -0.858558
1231 -0.826009
1232 -0.790442
1233 -0.751986
1234 -0.710782
1235 -0.666981
1236 -0.620743
1237 -0.572236
1238 -0.521638
1239 -0.469134
1240 -0.414916
1241 -0.359181
1242 -0.302134
1243 -0.243982
1244 -0.184939
1245 -0.12522
1246 -0.0650441
1247 -0.0046301
1248 0.0558009
1249 0.116028
1250 0.175831
1251 0.234991
1252 0.293293
1253 0.350523
1254 0.406472
1255 0.460936
1256 0.513715
1257 0.564617
1258 0.613456
1259 0.660053
1260 0.704238
1261 0.74585
1262 0.784736
1263 0.820754
1264 0.853773
1265 0.883672
1266 0.910342
1267 0.933685
1268 0.953616
1269 0.970063
1270 0.982964
1271 0.992274
1272 0.997957
1273 0.999994
1274 0.998376
1275 0.99311
1276 0.984215
1277 0.971723
1278 0.955681
1279 0.936146
1280 0.91319
1281 0.886897
1282 0.857363
1283 0.824695
1284 0.789015
1285 0.750451
1286 0.709144
1287 0.665246
1288 0.618917
1289 0.570327
1290 0.519652
1291 0.467078
1292 0.412798
1293 0.357009
1294 0.299915
1295 0.241726
1296 0.182653
1297 0.122912
1298 0.0627226
1299 0.00230387
1300 -0.0581233
1301 -0.118338
1302 -0.17812
1303 -0.237252
1304 -0.295516
1305 -0.352701
1306 -0.408597
1307 -0.462999
1308 -0.51571
1309 -0.566536
1310 -0.615292
1311 -0.661799
1312 -0.705888
1313 -0.747397
1314 -0.786175
1315 -0.822081
1316 -0.854982
1317 -0.884759
1318 -0.911302
1319 -0.934516
1320 -0.954314
1321 -0.970625
1322 -0.983389
1323 -0.99256
1324 -0.998103
1325 -0.999999
1326 -0.998241
1327 -0.992835
1328 -0.983801
1329 -0.971172
1330 -0.954993
1331 -0.935325
1332 -0.912239
1333 -0.88582
1334 -0.856163
1335 -0.823378
1336 -0.787583
1337 -0.748911
1338 -0.707502
1339 -0.663508
1340 -0.617089
1341 -0.568414
1342 -0.517663
1343 -0.46502
1344 -0.410678
1345 -0.354835
1346 -0.297695
1347 -0.239468
1348 -0.180365
1349 -0.120603
1350 -0.0604008
1351 2.2376e-05
1352 0.0604455
1353 0.120648
1354 0.180409
1355 0.239511
1356 0.297738
1357 0.354877
1358 0.410719
1359 0.46506
1360 0.517701
1361 0.568451
1362 0.617124
1363 0.663541
1364 0.707534
1365 0.748941
1366 0.787611
1367 0.823403
1368 0.856186
1369 0.88584
1370 0.912258
1371 0.935341
1372 0.955007
1373 0.971182
1374 0.983809
1375 0.99284
1376 0.998244
1377 0.999999
1378 0.998101
1379 0.992554
1380 0.983381
1381 0.970614
1382 0.954301
1383 0.9345
1384 0.911284
1385 0.884738
1386 0.854959
1387 0.822055
1388 0.786148
1389 0.747368
1390 0.705856
1391 0.661765
1392 0.615256
1393 0.566499
1394 0.515671
1395 0.46296
1396 0.408556
1397 0.352659
1398 0.295474
1399 0.237208
1400 0.178076
1401 0.118294
1402 0.0580787
1403 -0.00234862
1404 -0.0627673
1405 -0.122957
1406 -0.182697
1407 -0.241769
1408 -0.299958
1409 -0.357051
1410 -0.412839
1411 -0.467118
1412 -0.51969
1413 -0.570364
1414 -0.618953
1415 -0.66528
1416 -0.709176
1417 -0.75048
1418 -0.789042
1419 -0.824721
1420 -0.857386
1421 -0.886917
1422 -0.913208
1423 -0.936161
1424 -0.955694
1425 -0.971734
1426 -0.984223
1427 -0.993116
1428 -0.998379
1429 -0.999994
1430 -0.997955
1431 -0.992268
1432 -0.982956
1433 -0.970052
1434 -0.953603
1435 -0.933669
1436 -0.910323
1437 -0.883651
1438 -0.85375
1439 -0.820728
1440 -0.784708
1441 -0.74582
1442 -0.704206
1443 -0.66002
1444 -0.613421
1445 -0.564581
1446 -0.513677
1447 -0.460896
1448 -0.406431
1449 -0.350481
1450 -0.29325
1451 -0.234948
1452 -0.175787
1453 -0.115983
1454 -0.0557562
1455 0.00467485
1456 0.0650888
1457 0.125265
1458 0.184983
1459 0.244026
1460 0.302176
1461 0.359223
1462 0.414956
1463 0.469174
1464 0.521676
1465 0.572273
1466 0.620778
1467 0.667015
1468 0.710814
1469 0.752016
1470 0.790469
1471 0.826034
1472 0.858581
1473 0.887989
1474 0.914153
1475 0.936977
1476 0.956376
1477 0.972281
1478 0.984632
1479 0.993385
1480 0.998509
1481 0.999983
1482 0.997803
1483 0.991977
1484 0.982526
1485 0.969484
1486 0.9529
1487 0.932833
1488 0.909358
1489 0.88256
1490 0.852536
1491 0.819397
1492 0.783264
1493 0.744268
1494 0.702553
1495 0.65827
1496 0.611582
1497 0.562659
1498 0.51168
1499 0.458831
1500 0.404305
1501 0.348302
1502 0.291026
1503 0.232686
1504 0.173496
1505 0.113673
1506 0.0534334
1507 -0.00700105
1508 -0.0674099
1509 -0.127572
1510 -0.187269
1511 -0.246281
1512 -0.304393
1513 -0.361393
1514 -0.417072
1515 -0.471227
1516 -0.52366
1517 -0.574179
1518 -0.6226
1519 -0.668746
1520 -0.712448
1521 -0.753547
1522 -0.791892
1523 -0.827343
1524 -0.859771
1525 -0.889057
1526 -0.915094
1527 -0.937787
1528 -0.957053
1529 -0.972822
1530 -0.985036
1531 -0.99365
1532 -0.998633
1533 -0.999967
1534 -0.997646
1535 -0.99168
1536 -0.98209
1537 -0.968911
1538 -0.952192
1539 -0.931993
1540 -0.908388
1541 -0.881463
1542 -0.851318
1543 -0.818061
1544 -0.781816
1545 -0.742713
1546 -0.700896
1547 -0.656517
1548 -0.60974
1549 -0.560734
1550 -0.50968
1551 -0.456763
1552 -0.402176
1553 -0.34612
1554 -0.288799
1555 -0.230423
1556 -0.171205
1557 -0.111361
1558 -0.0511103
1559 0.00932722
1560 0.0697307
1561 0.129879
1562 0.189553
1563 0.248535
1564 0.306608
1565 0.363561
1566 0.419185
1567 0.473277
1568 0.52564
1569 0.576082
1570 0.624419
1571 0.670474
1572 0.714079
1573 0.755074
1574 0.79331
1575 0.828647
1576 0.860956
1577 0.890119
1578 0.916029
1579 0.938592
1580 0.957725
1581 0.973358
1582 0.985434
1583 0.993909
1584 0.998752
1585 0.999945
1586 0.997484
1587 0.991378
1588 0.981649
1589 0.968333
1590 0.951479
1591 0.931147
1592 0.907413
1593 0.880363
1594 0.850095
1595 0.816721
1596 0.780363
1597 0.741153
1598 0.699234
1599 0.654761
1600 0.607894
1601 0.558807
1602 0.507677
1603 0.454692
1604 0.400045
1605 0.343937
1606 0.286571
1607 0.228159
1608 0.168913
1609 0.109049
1610 0.048787
1611 -0.0116533
1612 -0.0720511
1613 -0.132186
1614 -0.191837
1615 -0.250787
1616 -0.308821
1617 -0.365727
1618 -0.421296
1619 -0.475325
1620 -0.527617
1621 -0.577982
1622 -0.626234
1623 -0.672198
1624 -0.715705
1625 -0.756597
1626 -0.794724
1627 -0.829947
1628 -0.862137
1629 -0.891177
1630 -0.91696
1631 -0.939392
1632 -0.958392
1633 -0.973889
1634 -0.985827
1635 -0.994163
1636 -0.998865
1637 -0.999918
1638 -0.997316
1639 -0.991071
1640 -0.981203
1641 -0.96775
1642 -0.95076
1643 -0.930296
1644 -0.906433
1645 -0.879257
1646 -0.848868
1647 -0.815377
1648 -0.778906
1649 -0.739589
1650 -0.69757
1651 -0.653001
1652 -0.606046
1653 -0.556876
1654 -0.505671
1655 -0.452619
1656 -0.397912
1657 -0.341752
1658 -0.284342
1659 -0.225893
1660 -0.166619
1661 -0.106736
1662 -0.0464634
1663 0.0139794
1664 0.0743711
1665 0.134491
1666 0.194119
1667 0.253039
1668 0.311033
1669 0.367891
1670 0.423404
1671 0.47737
1672 0.529592
1673 0.579879
1674 0.628046
1675 0.673918
1676 0.717328
1677 0.758116
1678 0.796134
1679 0.831243
1680 0.863314
1681 0.89223
1682 0.917886
1683 0.940187
1684 0.959053
1685 0.974414
1686 0.986214
1687 0.994411
1688 0.998973
1689 0.999885
1690 0.997143
1691 0.990758
1692 0.980751
1693 0.967161
1694 0.950037
1695 0.92944
1696 0.905448
1697 0.878146
1698 0.847636
1699 0.814028
1700 0.777445
1701 0.738022
1702 0.695901
1703 0.651237
1704 0.604194
1705 0.554942
1706 0.503663
1707 0.450543
1708 0.395777
1709 0.339564
1710 0.282111
1711 0.223627
1712 0.164325
1713 0.104423
1714 0.0441395
1715 -0.0163054
1716 -0.0766907
1717 -0.136796
1718 -0.196401
1719 -0.255288
1720 -0.313243
1721 -0.370053
1722 -0.425511
1723 -0.479413
1724 -0.531564
1725 -0.581772
1726 -0.629854
1727 -0.675635
1728 -0.718947
1729 -0.759631
1730 -0.79754
1731 -0.832534
1732 -0.864485
1733 -0.893278
1734 -0.918806
1735 -0.940977
1736 -0.959709
1737 -0.974934
1738 -0.986597
1739 -0.994654
1740 -0.999076
1741 -0.999847
1742 -0.996965
1743 -0.990439
1744 -0.980295
1745 -0.966567
1746 -0.949308
1747 -0.92858
1748 -0.904458
1749 -0.877031
1750 -0.846399
1751 -0.812675
1752 -0.77598
1753 -0.73645
1754 -0.694228
1755 -0.64947
1756 -0.602338
1757 -0.553006
1758 -0.501652
1759 -0.448465
1760 -0.39364
1761 -0.337375
1762 -0.279879
1763 -0.221359
1764 -0.16203
1765 -0.102109
1766 -0.0418155
1767 0.0186313
1768 0.0790099
1769 0.1391
1770 0.198681
1771 0.257537
1772 0.315451
1773 0.372213
1774 0.427614
1775 0.481453
1776 0.533533
1777 0.583663
1778 0.63166
1779 0.677348
1780 0.720562
1781 0.761142
1782 0.798941
1783 0.83382
1784 0.865652
1785 0.894321
1786 0.919722
1787 0.941762
1788 0.96036
1789 0.975449
1790 0.986974
1791 0.994891
1792 0.999173
1793 0.999804
1794 0.996781
1795 0.990116
1796 0.979832
1797 0.965968
1798 0.948574
1799 0.927714
1800 0.903463
1801 0.875911
1802 0.845158
1803 0.811317
1804 0.774511
1805 0.734874
1806 0.692552
1807 0.6477
1808 0.60048
1809 0.551066
1810 0.499638
1811 0.446385
1812 0.3915
1813 0.335185
1814 0.277644
1815 0.21909
1816 0.159734
1817 0.099795
1818 0.0394911
1819 -0.020957
1820 -0.0813286
1821 -0.141403
1822 -0.200961
1823 -0.259784
1824 -0.317658
1825 -0.374371
1826 -0.429716
1827 -0.483491
1828 -0.535499
1829 -0.58555
1830 -0.633461
1831 -0.679058
1832 -0.722173
1833 -0.762649
1834 -0.800338
1835 -0.835102
1836 -0.866815
1837 -0.89536
1838 -0.920633
1839 -0.942542
1840 -0.961006
1841 -0.975959
1842 -0.987345
1843 -0.995123
1844 -0.999265
1845 -0.999755
1846 -0.996592
1847 -0.989787
1848 -0.979365
1849 -0.965364
1850 -0.947835
1851 -0.926843
1852 -0.902464
1853 -0.874786
1854 -0.843912
1855 -0.809955
1856 -0.773037
1857 -0.733295
1858 -0.690872
1859 -0.645925
1860 -0.598618
1861 -0.549123
1862 -0.497622
1863 -0.444302
1864 -0.389359
1865 -0.332992
1866 -0.275409
1867 -0.216819
1868 -0.157437
1869 -0.0974801
1870 -0.0371666
1871 0.0232827
1872 0.0836469
1873 0.143706
1874 0.203239
1875 0.26203
1876 0.319863
1877 0.376527
1878 0.431816
1879 0.485526
1880 0.537462
1881 0.587434
1882 0.63526
1883 0.680764
1884 0.72378
1885 0.764151
1886 0.80173
1887 0.836379
1888 0.867972
1889 0.896393
1890 0.921539
1891 0.943316
1892 0.961647
1893 0.976463
1894 0.987711
1895 0.99535
1896 0.999352
1897 0.999701
1898 0.996397
1899 0.989453
1900 0.978892
1901 0.964754
1902 0.947091
1903 0.925967
1904 0.901459
1905 0.873657
1906 0.842662
1907 0.808588
1908 0.771559
1909 0.731711
1910 0.689189
1911 0.644148
1912 0.596753
1913 0.547178
1914 0.495603
1915 0.442217
1916 0.387215
1917 0.330798
1918 0.273172
1919 0.214548
1920 0.15514
1921 0.0951647
1922 0.0348419
1923 -0.0256083
1924 -0.0859648
1925 -0.146007
1926 -0.205516
1927 -0.264274
1928 -0.322066
1929 -0.378681
1930 -0.433913
1931 -0.487558
1932 -0.539422
1933 -0.589315
1934 -0.637054
1935 -0.682466
1936 -0.725383
1937 -0.76565
1938 -0.803118
1939 -0.837652
1940 -0.869125
1941 -0.897422
1942 -0.922439
1943 -0.944086
1944 -0.962282
1945 -0.976962
1946 -0.988072
1947 -0.995572
1948 -0.999433
1949 -0.999642
1950 -0.996198
1951 -0.989113
1952 -0.978414
1953 -0.96414
1954 -0.946342
1955 -0.925086
1956 -0.90045
1957 -0.872523
1958 -0.841407
1959 -0.807217
1960 -0.770077
1961 -0.730123
1962 -0.687501
1963 -0.642367
1964 -0.594885
1965 -0.545229
1966 -0.493581
1967 -0.440129
1968 -0.385069
1969 -0.328602
1970 -0.270933
1971 -0.212275
1972 -0.152841
1973 -0.0928487
1974 -0.0325169
1975 0.0279337
1976 0.0882822
1977 0.148308
1978 0.207792
1979 0.266517
1980 0.324267
1981 0.380833
1982 0.436007
1983 0.489588
1984 0.54138
1985 0.591193
1986 0.638846
1987 0.684164
1988 0.726982
1989 0.767144
1990 0.804502
1991 0.838921
1992 0.870273
1993 0.898446
1994 0.923335
1995 0.94485
1996 0.962913
1997 0.977456
1998 0.988428
1999 0.995788
